0	36	31	23	49	39	25	37	31	38	29	49	23	11	23	29	26	48	43	34	19	26	23	20	47	23	23	52	41	10	29	18	17	18	39	23	25	33	24	44
36	0	17	11	13	29	31	25	9	11	21	8	33	36	38	17	8	5	5	9	15	50	18	6	26	23	38	15	8	19	38	10	18	37	19	24	9	6	11	24
31	17	0	45	19	22	7	49	48	18	19	37	13	25	15	19	49	14	38	18	46	43	11	47	12	30	11	23	43	21	6	13	50	25	11	7	28	45	26	19
23	11	45	0	28	51	41	9	7	33	38	34	22	34	37	32	11	38	24	33	12	61	26	7	30	20	34	13	9	38	30	31	22	51	28	29	24	6	10	28
49	13	19	28	0	25	11	23	11	15	5	12	17	31	11	10	18	12	10	12	23	25	8	35	18	36	20	26	16	17	17	9	30	24	12	10	15	22	28	8
39	29	22	51	25	0	24	43	19	11	11	16	23	16	11	22	29	23	19	13	23	34	11	29	13	18	13	24	33	11	12	24	30	13	19	15	36	32	35	17
25	31	7	41	11	24	0	31	24	6	16	21	23	39	27	12	37	25	29	17	27	25	13	44	12	51	13	50	41	29	10	14	39	21	6	9	28	28	42	11
37	25	49	9	23	43	31	0	6	32	37	12	24	24	28	16	24	23	5	15	33	66	15	20	21	23	36	11	8	18	25	23	38	25	32	15	8	20	8	21
31	9	48	7	11	19	24	6	0	47	32	14	29	26	41	18	17	23	11	28	12	53	36	11	40	34	51	26	10	17	37	31	25	26	32	26	22	6	11	26
38	11	18	33	15	11	6	32	47	0	24	46	21	19	30	37	38	16	35	28	63	43	13	60	6	38	12	35	25	35	13	22	36	34	12	14	25	37	46	23
29	21	19	38	5	11	16	37	32	24	0	7	17	33	27	8	12	12	13	13	32	42	18	34	12	32	36	35	17	31	24	12	35	24	31	16	22	26	25	17
49	8	37	34	12	16	21	12	14	46	7	0	24	22	19	7	16	7	22	5	37	45	9	38	23	30	32	34	35	16	22	12	32	21	26	23	25	11	20	12
23	33	13	22	17	23	23	24	29	21	17	24	0	38	31	10	20	11	16	25	43	27	9	34	7	37	10	51	40	16	9	22	31	16	6	7	32	28	24	20
11	36	25	34	31	16	39	24	26	19	33	22	38	0	20	23	28	18	32	31	22	48	17	36	28	11	21	52	23	13	47	38	11	14	36	19	34	25	38	30
23	38	15	37	11	11	27	28	41	30	27	19	31	20	0	13	38	10	36	15	47	33	9	52	13	30	12	27	31	15	25	12	11	5	11	18	25	40	36	24
29	17	19	32	10	22	12	16	18	37	8	7	10	23	13	0	13	11	18	10	35	35	11	28	13	20	12	24	14	19	11	9	28	13	14	9	13	14	21	11
26	8	49	11	18	29	37	24	17	38	12	16	20	28	38	13	0	12	8	26	10	44	21	14	31	25	29	30	21	14	36	20	23	15	40	30	12	5	22	37
48	5	14	38	12	23	25	23	23	16	12	7	11	18	10	11	12	0	23	6	37	48	10	20	19	35	15	36	26	16	18	13	15	14	21	8	6	21	18	9
43	5	38	24	10	19	29	5	11	35	13	22	16	32	36	18	8	23	0	17	25	52	23	15	15	16	26	33	17	18	28	15	35	20	19	32	10	5	14	16
34	9	18	33	12	13	17	15	28	28	13	5	25	31	15	10	26	6	17	0	31	52	10	27	25	21	24	33	24	34	13	12	36	24	15	6	18	10	39	19
19	15	46	12	23	23	27	33	12	63	32	37	43	22	47	35	10	37	25	31	0	34	52	35	54	11	49	37	30	17	50	40	16	27	54	35	32	14	23	22
26	50	43	61	25	34	25	66	53	43	42	45	27	48	33	35	44	48	52	52	34	0	22	46	31	42	52	46	34	26	18	16	26	24	31	22	18	21	37	36
23	18	11	26	8	11	13	15	36	13	18	9	9	17	9	11	21	10	23	10	52	22	0	52	12	32	9	21	24	33	7	11	42	13	12	9	24	27	22	13
20	6	47	7	35	29	44	20	11	60	34	38	34	36	52	28	14	20	15	27	35	46	52	0	51	17	49	9	7	32	40	15	27	49	24	18	20	11	7	33
47	26	12	30	18	13	12	21	40	6	12	23	7	28	13	13	31	19	15	25	54	31	12	51	0	45	13	36	35	22	7	16	35	16	11	13	21	38	50	20
23	23	30	20	36	18	51	23	34	38	32	30	37	11	30	20	25	35	16	21	11	42	32	17	45	0	45	21	16	19	43	25	13	30	25	22	25	8	10	35
23	38	11	34	20	13	13	36	51	12	36	32	10	21	12	12	29	15	26	24	49	52	9	49	13	45	0	60	31	30	13	26	24	19	10	22	26	30	27	16
52	15	23	13	26	24	50	11	26	35	35	34	51	52	27	24	30	36	33	33	37	46	21	9	36	21	60	0	6	26	49	20	29	46	33	18	11	24	20	37
41	8	43	9	16	33	41	8	10	25	17	35	40	23	31	14	21	26	17	24	30	34	24	7	35	16	31	6	0	34	34	12	18	51	34	37	7	11	7	32
10	19	21	38	17	11	29	18	17	35	31	16	16	13	15	19	14	16	18	34	17	26	33	32	22	19	30	26	34	0	21	24	15	21	28	31	26	16	22	13
29	38	6	30	17	12	10	25	37	13	24	22	9	47	25	11	36	18	28	13	50	18	7	40	7	43	13	49	34	21	0	23	31	13	9	9	39	29	37	24
18	10	13	31	9	24	14	23	31	22	12	12	22	38	12	9	20	13	15	12	40	16	11	15	16	25	26	20	12	24	23	0	25	17	14	9	20	38	16	11
17	18	50	22	30	30	39	38	25	36	35	32	31	11	11	28	23	15	35	36	16	26	42	27	35	13	24	29	18	15	31	25	0	14	50	36	11	10	28	38
18	37	25	51	24	13	21	25	26	34	24	21	16	14	5	13	15	14	20	24	27	24	13	49	16	30	19	46	51	21	13	17	14	0	11	13	31	39	38	12
39	19	11	28	12	19	6	32	32	12	31	26	6	36	11	14	40	21	19	15	54	31	12	24	11	25	10	33	34	28	9	14	50	11	0	24	33	49	56	32
23	24	7	29	10	15	9	15	26	14	16	23	7	19	18	9	30	8	32	6	35	22	9	18	13	22	22	18	37	31	9	9	36	13	24	0	16	23	31	15
25	9	28	24	15	36	28	8	22	25	22	25	32	34	25	13	12	6	10	18	32	18	24	20	21	25	26	11	7	26	39	20	11	31	33	16	0	25	22	17
33	6	45	6	22	32	28	20	6	37	26	11	28	25	40	14	5	21	5	10	14	21	27	11	38	8	30	24	11	16	29	38	10	39	49	23	25	0	20	16
24	11	26	10	28	35	42	8	11	46	25	20	24	38	36	21	22	18	14	39	23	37	22	7	50	10	27	20	7	22	37	16	28	38	56	31	22	20	0	30
44	24	19	28	8	17	11	21	26	23	17	12	20	30	24	11	37	9	16	19	22	36	13	33	20	35	16	37	32	13	24	11	38	12	32	15	17	16	30	0
