0	31	68	34	79	69	80	30	38	51	63	49	20	36	34	34	38	96	49	33	60	36	43	42	2	61	44	59	64	72	10	39	64	59	47	57	18	21	3	22	36	17	25	32	36	54	25	55	54	105	61	87	87	81	71	69	103	77	127	76	90	105	96	102	103	83	65	76	93	119	122	88	58	91	99	103	103	90	73	65	61	60	64	86	49	98	62	84	95	72	65	67	80	50	64	105	92	65	87	55	
31	0	44	27	56	44	57	18	15	34	35	36	27	23	3	25	8	78	35	27	34	8	17	17	29	30	47	42	33	49	28	16	39	41	35	31	24	13	34	17	7	23	18	12	5	37	14	38	45	93	52	76	76	66	56	58	84	73	112	62	85	88	78	91	91	67	61	47	88	105	107	65	53	80	87	85	92	73	50	60	57	42	60	76	41	87	53	64	84	49	48	44	68	41	59	93	88	61	66	50	
68	44	0	37	17	1	17	42	45	28	41	38	65	34	42	36	45	38	30	38	22	37	43	27	66	38	54	26	37	11	64	44	8	20	36	19	63	51	71	56	47	62	46	36	43	25	44	29	74	110	69	92	92	83	72	75	96	99	127	78	112	103	94	107	108	83	90	52	111	120	123	79	83	97	103	100	109	87	58	80	86	59	90	92	67	104	70	79	101	62	65	57	85	65	85	109	107	80	81	80	
34	27	37	0	46	38	47	10	42	18	62	15	31	4	30	2	35	63	16	1	49	30	44	21	31	56	23	26	58	39	27	43	32	25	14	44	29	21	37	26	34	27	12	21	32	21	15	22	63	115	70	96	96	91	80	79	111	91	136	85	103	115	105	111	112	92	79	73	106	129	131	92	71	101	108	112	112	100	77	78	74	69	77	96	59	107	72	91	104	76	74	71	89	59	77	114	105	79	93	68	
79	56	17	46	0	16	1	53	59	33	51	42	77	45	54	46	57	27	35	47	31	51	56	39	77	50	60	30	46	8	73	58	18	25	41	29	75	64	83	69	60	73	57	49	55	30	56	33	87	123	82	106	106	96	86	89	106	113	139	92	125	115	105	121	121	96	104	60	124	132	135	89	97	110	116	113	122	97	68	94	100	73	103	106	81	117	84	92	114	73	79	68	99	78	99	122	121	94	91	94	
69	44	1	38	16	0	17	42	46	29	42	38	66	35	42	37	45	38	31	39	22	38	43	27	67	39	55	26	37	11	65	45	9	21	37	20	64	52	72	57	48	62	47	37	43	25	44	29	74	110	69	93	93	83	73	75	97	100	128	79	112	104	94	108	108	83	91	53	111	121	123	79	84	97	104	101	109	87	59	81	87	60	90	93	68	104	70	80	101	63	65	58	86	65	86	110	108	81	81	81	
80	57	17	47	1	17	0	53	59	34	52	43	78	46	55	46	58	28	36	48	32	52	57	40	78	51	61	31	47	9	74	58	19	26	42	30	76	65	83	69	61	74	58	50	56	31	57	34	88	124	83	107	107	97	87	89	106	114	140	93	126	116	105	122	122	97	105	61	125	133	136	90	98	111	117	113	123	98	68	95	101	73	104	107	82	118	84	93	115	74	79	69	100	79	100	123	122	95	92	95	
30	18	42	10	53	42	53	0	34	25	53	23	27	7	21	9	26	71	23	10	44	21	35	22	27	48	33	33	49	45	24	35	37	32	22	41	25	17	33	22	25	23	5	12	24	28	5	29	58	110	65	91	91	84	74	74	103	86	130	80	99	106	97	106	108	85	74	64	101	123	126	83	66	96	103	103	108	91	69	73	70	61	73	91	54	102	67	82	99	67	67	62	84	54	73	109	101	74	85	63	
38	15	45	42	59	46	59	34	0	45	25	49	33	38	13	41	12	80	46	42	33	14	5	26	40	23	62	52	27	53	43	1	42	50	48	31	31	24	35	27	13	29	33	26	14	47	29	49	35	81	40	64	64	54	44	46	73	63	100	50	76	76	66	79	79	55	51	38	78	93	96	53	44	68	75	73	80	61	39	51	47	30	50	64	31	75	41	52	72	37	36	32	56	31	50	81	78	51	55	41	
51	34	28	18	33	29	34	25	45	0	60	11	48	18	33	17	38	46	2	19	42	32	46	19	49	55	31	8	55	25	45	46	20	8	10	38	46	39	54	43	38	45	29	25	35	3	30	4	76	122	81	105	105	95	85	87	113	103	141	91	116	117	107	120	120	96	91	71	119	134	136	94	84	109	116	114	121	102	77	91	87	71	90	105	71	116	82	93	113	78	77	72	97	72	90	121	118	91	95	81	
63	35	41	62	51	42	52	53	25	60	0	66	58	57	32	60	35	73	61	61	20	32	20	43	64	6	81	57	5	45	63	24	40	52	64	24	56	47	60	52	37	54	52	45	33	56	48	60	46	73	41	61	59	47	40	43	56	68	90	43	81	65	55	73	71	46	62	12	79	83	85	40	57	61	67	63	74	48	18	52	58	28	63	61	39	72	42	43	69	24	32	18	53	37	57	73	76	53	42	54	
49	36	38	15	42	38	43	23	49	11	66	0	46	17	37	15	41	50	9	16	50	36	50	23	46	60	23	13	62	35	43	50	29	18	1	46	44	36	52	41	41	42	27	25	39	15	29	9	76	127	83	109	109	100	89	92	118	104	145	95	116	121	112	124	125	101	92	77	119	138	141	99	84	114	120	119	126	106	83	91	88	76	91	109	72	120	85	97	117	82	82	77	102	72	90	126	119	92	100	81	
20	27	65	31	77	66	78	27	33	48	58	46	0	34	30	31	29	94	46	30	56	33	38	39	19	54	44	57	58	69	19	34	61	56	45	53	2	17	17	10	27	4	23	30	31	52	23	52	49	101	56	82	82	77	67	65	98	77	122	72	90	101	91	97	99	79	65	70	92	115	118	83	58	87	94	98	99	86	68	64	61	56	64	82	45	93	58	80	90	66	60	61	75	45	64	100	92	65	82	54	
36	23	34	4	45	35	46	7	38	18	57	17	34	0	25	2	30	63	17	4	46	25	39	18	34	52	26	26	54	38	30	39	30	25	15	42	32	24	40	29	29	30	12	16	28	21	12	22	63	114	70	95	96	89	78	78	107	90	135	84	103	110	101	111	112	90	78	69	106	128	130	88	71	100	108	108	112	95	73	78	74	65	77	95	58	107	71	87	104	71	71	66	88	59	77	114	105	78	89	68	
34	3	42	30	54	42	55	21	13	33	32	37	30	25	0	28	5	76	34	30	31	5	14	15	32	27	50	40	30	46	31	14	37	39	35	29	27	15	37	20	6	26	20	13	3	36	16	37	43	90	49	73	73	63	53	55	82	71	109	59	83	85	75	88	88	64	59	44	86	102	105	62	51	77	84	82	89	70	48	58	54	40	57	73	39	84	51	61	81	46	46	41	66	39	57	90	85	59	64	48	
34	25	36	2	46	37	46	9	41	17	60	15	31	2	28	0	33	62	15	2	48	28	42	20	32	54	24	25	56	38	28	42	32	25	14	44	29	21	37	26	32	28	12	19	31	21	14	21	63	115	70	96	96	91	81	79	109	91	136	86	104	113	103	111	113	92	79	71	106	129	132	90	71	101	108	110	113	98	76	78	75	68	78	96	59	107	72	89	104	74	73	69	89	59	78	114	106	79	91	68	
38	8	45	35	57	45	58	26	12	38	35	41	29	30	5	33	0	79	38	34	35	9	17	18	36	31	55	44	33	50	36	13	40	43	40	32	27	20	35	23	5	25	25	18	2	39	21	42	39	90	46	71	72	63	53	54	82	66	109	59	79	85	76	87	88	64	54	48	82	102	105	63	47	76	83	83	88	70	48	54	50	40	53	71	34	83	47	61	80	46	46	41	64	34	53	89	81	54	64	44	
96	78	38	63	27	38	28	71	80	46	73	50	94	63	76	62	79	0	47	64	53	72	78	61	94	72	68	38	68	29	90	79	40	39	51	50	92	84	99	89	81	90	75	70	77	43	76	41	109	145	104	128	128	118	108	110	127	134	161	114	147	136	126	143	142	118	125	81	146	154	156	111	119	132	138	134	144	119	89	116	121	94	125	128	102	139	105	114	136	95	100	90	120	100	121	144	143	116	113	116	
49	35	30	16	35	31	36	23	46	2	61	9	46	17	34	15	38	47	0	17	44	33	46	20	47	56	29	10	57	27	43	47	22	10	8	40	44	37	52	41	38	43	27	24	36	5	29	6	76	123	82	105	105	95	85	88	113	103	141	91	116	117	107	120	121	96	91	72	118	134	137	94	84	110	116	114	121	102	78	90	87	72	90	105	71	117	83	93	113	78	78	73	98	71	90	122	118	91	95	80	
33	27	38	1	47	39	48	10	42	19	61	16	30	4	30	2	34	64	17	0	50	29	44	22	30	56	24	27	58	40	26	43	33	26	15	45	28	20	36	25	34	26	11	20	32	22	14	23	62	113	69	95	95	90	79	78	111	90	135	84	102	114	104	110	111	91	78	73	105	128	130	92	70	100	107	111	111	99	77	77	73	68	76	95	58	106	71	91	103	76	73	71	88	58	76	113	104	78	93	67	
60	34	22	49	31	22	32	44	33	42	20	50	56	46	31	48	35	53	44	50	0	26	30	32	57	19	66	40	15	26	56	32	23	34	49	4	54	42	63	46	37	52	43	36	32	39	39	43	58	91	53	77	77	66	57	59	74	84	108	61	96	83	73	91	89	65	75	30	95	101	103	58	68	79	85	81	92	66	36	65	71	44	74	77	52	88	55	61	85	42	49	37	70	49	70	91	92	65	60	65	
36	8	37	30	51	38	52	21	14	32	32	36	33	25	5	28	9	72	33	29	26	0	16	13	34	27	50	38	29	44	33	15	34	37	34	23	30	18	40	23	12	29	20	12	6	34	16	36	45	92	51	75	75	65	55	57	83	72	111	61	85	87	77	90	90	66	60	43	88	104	106	64	53	79	86	84	91	72	49	60	56	41	59	75	40	86	52	63	83	48	47	43	67	41	59	92	87	61	65	50	
43	17	43	44	56	43	57	35	5	46	20	50	38	39	14	42	17	78	46	44	30	16	0	28	45	20	64	49	24	50	45	4	39	48	49	29	35	29	40	32	17	34	35	27	15	45	30	48	36	76	35	59	59	49	39	41	68	64	95	45	77	71	62	74	74	50	52	33	77	88	91	48	45	63	70	69	75	56	34	47	48	26	51	59	32	70	36	47	67	32	31	27	52	31	51	76	74	47	50	42	
42	17	27	21	39	27	40	22	26	19	43	23	39	18	15	20	18	61	20	22	32	13	28	0	40	38	38	25	39	32	38	27	22	24	22	28	37	25	45	30	21	35	21	10	16	21	17	23	57	104	63	87	86	77	66	69	95	84	123	73	97	99	89	101	102	78	72	54	99	116	118	76	65	91	97	96	103	84	60	72	68	53	71	86	52	98	64	75	95	60	59	55	79	52	71	103	99	72	77	62	
2	29	66	31	77	67	78	27	40	49	64	46	19	34	32	32	36	94	47	30	57	34	45	40	0	59	42	57	62	70	8	41	62	56	45	55	17	19	6	20	36	15	23	30	34	52	23	53	56	107	63	88	89	83	73	71	104	79	128	78	92	107	98	104	105	85	67	76	94	121	124	90	60	93	100	104	105	92	75	66	63	62	66	88	51	100	64	86	97	73	66	68	81	51	66	107	94	67	89	56	
61	30	38	56	50	39	51	48	23	55	6	60	54	52	27	54	31	72	56	56	19	27	20	38	59	0	76	52	4	45	59	22	35	46	59	23	52	43	58	48	32	51	47	39	28	51	43	55	48	78	43	65	63	52	44	48	61	73	94	48	85	70	59	77	76	51	65	17	84	87	90	44	58	65	71	67	79	52	22	55	61	32	64	65	42	77	44	47	74	28	36	23	57	39	60	77	80	55	46	55	
44	47	54	23	60	55	61	33	62	31	81	23	44	26	50	24	55	68	29	24	66	50	64	38	42	76	0	33	78	52	36	63	47	38	24	62	42	38	48	40	54	40	34	39	53	34	37	29	80	131	87	113	113	108	97	96	129	108	153	102	120	132	122	128	129	109	96	93	123	145	148	112	88	118	125	129	129	117	97	95	91	86	94	113	76	124	88	110	121	96	91	91	106	76	94	131	122	96	113	85	
59	42	26	26	30	26	31	33	52	8	57	13	57	26	40	25	44	38	10	27	40	38	49	25	57	52	34	0	53	23	53	51	17	6	15	36	54	47	62	52	45	53	37	33	41	5	38	4	82	124	83	106	106	97	86	89	112	109	141	92	122	117	108	121	122	97	97	69	125	134	137	93	90	111	117	115	123	101	74	94	93	73	96	106	77	118	84	93	115	76	79	71	99	78	96	123	121	94	95	87	
64	33	37	58	46	37	47	49	27	55	5	62	58	54	30	56	33	68	57	58	15	29	24	39	62	4	78	53	0	41	61	26	36	47	61	19	56	45	62	50	36	55	49	41	31	52	45	56	49	77	44	64	62	51	43	47	60	72	93	47	84	68	58	76	75	50	66	16	83	86	89	43	60	64	70	66	78	51	21	56	62	31	66	64	44	76	45	46	73	27	35	22	56	41	61	76	79	56	45	57	
72	49	11	39	8	11	9	45	53	25	45	35	69	38	46	38	50	29	27	40	26	44	50	32	70	45	52	23	41	0	66	52	11	17	34	23	67	56	75	61	52	66	49	41	47	22	48	26	81	117	76	100	100	90	80	82	100	107	134	86	119	109	99	115	115	90	98	56	118	127	129	84	91	104	111	107	116	92	62	88	94	67	97	100	75	111	77	87	108	68	72	63	93	72	93	117	115	88	86	88	
10	28	64	27	73	65	74	24	43	45	63	43	19	30	31	28	36	90	43	26	56	33	45	38	8	59	36	53	61	66	0	44	59	52	41	53	17	19	13	19	35	15	21	28	34	48	21	49	60	112	67	93	93	88	78	76	109	86	133	83	99	112	102	108	110	90	74	75	102	126	129	93	67	98	105	109	110	97	78	74	70	67	73	93	56	105	69	91	101	76	71	71	86	56	73	111	101	74	93	64	
39	16	44	43	58	45	58	35	1	46	24	50	34	39	14	42	13	79	47	43	32	15	4	27	41	22	63	51	26	52	44	0	41	49	49	30	32	25	36	28	14	30	34	27	15	46	30	49	36	80	39	63	63	53	43	45	72	64	99	49	76	75	65	78	78	54	52	37	79	92	95	52	44	67	74	72	79	60	38	51	47	29	50	63	31	74	40	51	71	36	35	31	55	32	50	80	78	51	53	41	
64	39	8	32	18	9	19	37	42	20	40	29	61	30	37	32	40	40	22	33	23	34	39	22	62	35	47	17	36	11	59	41	0	11	28	18	59	47	67	52	43	57	42	32	38	16	39	20	71	106	66	89	89	79	69	72	95	96	124	75	108	100	90	104	104	80	87	51	107	117	120	75	80	94	100	97	105	83	57	77	83	56	86	89	64	101	67	76	97	59	62	54	82	61	82	106	104	77	77	77	
59	41	20	25	25	21	26	32	50	8	52	18	56	25	39	25	43	39	10	26	34	37	48	24	56	46	38	6	47	17	52	49	11	0	18	30	54	46	62	51	45	52	37	32	41	5	38	9	81	118	77	101	100	91	81	83	106	107	136	87	120	111	102	115	116	91	96	63	119	129	131	87	89	105	111	109	117	95	69	89	92	67	95	101	75	112	78	88	109	71	73	66	93	73	94	117	116	89	89	86	
47	35	36	14	41	37	42	22	48	10	64	1	45	15	35	14	40	51	8	15	49	34	49	22	45	59	24	15	61	34	41	49	28	18	0	45	43	35	51	40	40	41	26	24	38	14	27	10	75	126	82	108	108	98	88	91	117	103	144	94	115	120	110	123	123	99	91	76	118	137	140	97	83	112	119	117	124	105	82	90	86	75	89	108	71	119	83	96	116	81	81	76	101	71	89	125	117	91	99	80	
57	31	19	44	29	20	30	41	31	38	24	46	53	42	29	44	32	50	40	45	4	23	29	28	55	23	62	36	19	23	53	30	18	30	45	0	51	39	60	44	35	49	40	33	30	35	37	39	60	96	55	79	78	69	58	61	78	85	112	65	98	87	77	93	93	69	76	35	97	105	107	62	70	83	89	85	95	70	40	66	72	45	76	78	53	90	56	65	87	46	51	41	71	51	71	95	94	67	64	66	
18	24	63	29	75	64	76	25	31	46	56	44	2	32	27	29	27	92	44	28	54	30	35	37	17	52	42	54	56	67	17	32	59	54	43	51	0	14	15	8	25	2	20	27	29	50	21	50	47	99	54	80	80	75	64	63	96	75	120	70	87	99	89	95	96	76	63	68	90	113	115	80	55	85	92	96	97	84	66	62	58	54	62	80	43	91	56	78	88	64	58	59	73	43	61	98	89	63	80	52	
21	13	51	21	64	52	65	17	24	39	47	36	17	24	15	21	20	84	37	20	42	18	29	25	19	43	38	47	45	56	19	25	47	46	35	39	14	0	24	7	19	13	13	16	18	42	12	43	42	93	49	75	75	69	59	57	91	69	115	64	82	93	84	90	91	71	58	60	85	107	110	74	50	79	87	91	91	78	59	57	53	48	56	74	38	86	50	72	83	58	53	53	68	38	56	93	84	58	75	47	
3	34	71	37	83	72	83	33	35	54	60	52	17	40	37	37	35	99	52	36	63	40	40	45	6	58	48	62	62	75	13	36	67	62	51	60	15	24	0	20	33	14	28	35	37	58	29	58	51	102	57	83	83	78	68	66	99	74	123	73	86	102	92	98	100	80	62	72	89	116	119	85	54	88	95	99	100	87	70	61	58	57	61	83	46	95	59	81	92	68	61	63	76	46	60	101	89	62	84	51	
22	17	56	26	69	57	69	22	27	43	52	41	10	29	20	26	23	89	41	25	46	23	32	30	20	48	40	52	50	61	19	28	52	51	40	44	8	7	20	0	21	6	18	21	23	47	17	47	45	96	52	77	78	72	62	60	94	72	117	67	85	96	87	93	94	74	60	64	88	110	113	77	53	82	90	94	94	81	62	60	56	51	59	77	40	89	53	75	86	61	55	56	71	41	59	96	87	60	78	50	
36	7	47	34	60	48	61	25	13	38	37	41	27	29	6	32	5	81	38	34	37	12	17	21	36	32	54	45	36	52	35	14	43	45	40	35	25	19	33	21	0	24	25	18	7	41	20	42	39	90	45	71	71	64	53	54	82	66	110	59	79	86	76	86	88	65	54	49	81	103	105	63	47	76	83	83	88	71	48	54	50	40	53	71	34	83	47	62	79	47	46	42	64	34	53	89	81	54	64	43	
17	23	62	27	73	62	74	23	29	45	54	42	4	30	26	28	25	90	43	26	52	29	34	35	15	51	40	53	55	66	15	30	57	52	41	49	2	13	14	6	24	0	19	26	27	48	19	49	46	97	53	78	79	73	63	61	94	73	118	68	86	97	88	94	95	75	61	67	89	111	114	79	54	83	90	94	95	82	64	61	57	52	60	78	41	90	54	76	87	63	56	58	71	41	60	97	88	61	79	51	
25	18	46	12	57	47	58	5	33	29	52	27	23	12	20	12	25	75	27	11	43	20	35	21	23	47	34	37	49	49	21	34	42	37	26	40	20	13	28	18	25	19	0	11	23	33	5	33	55	106	62	87	88	82	72	70	102	82	127	77	95	106	96	103	104	84	70	64	98	120	123	83	63	92	100	103	104	90	68	70	66	60	69	87	50	99	63	82	96	67	65	61	81	51	69	106	97	70	84	60	
32	12	36	21	49	37	50	12	26	25	45	25	30	16	13	19	18	70	24	20	36	12	27	10	30	39	39	33	41	41	28	27	32	32	24	33	27	16	35	21	18	26	11	0	16	28	7	29	52	103	59	84	85	76	66	67	95	79	122	72	92	98	88	100	101	77	67	56	95	115	118	75	60	89	96	95	101	83	61	67	63	53	66	84	47	96	60	74	93	59	59	54	77	47	66	103	94	67	77	57	
36	5	43	32	55	43	56	24	14	35	33	39	31	28	3	31	2	77	36	32	32	6	15	16	34	28	53	41	31	47	34	15	38	41	38	30	29	18	37	23	7	27	23	16	0	37	19	39	41	92	48	74	74	64	54	56	83	68	110	60	81	86	77	89	89	65	56	45	84	103	106	63	49	78	85	83	90	71	49	56	52	41	55	73	36	85	49	62	82	47	47	42	67	37	55	91	83	57	65	46	
54	37	25	21	30	25	31	28	47	3	56	15	52	21	36	21	39	43	5	22	39	34	45	21	52	51	34	5	52	22	48	46	16	5	14	35	50	42	58	47	41	48	33	28	37	0	34	6	77	121	80	104	104	94	84	86	111	105	140	90	117	116	106	119	119	95	93	68	120	133	135	92	85	108	115	113	120	100	73	92	89	70	92	104	73	115	81	92	112	75	76	70	96	73	91	121	119	92	94	82	
25	14	44	15	56	44	57	5	29	30	48	29	23	12	16	14	21	76	29	14	39	16	30	17	23	43	37	38	45	48	21	30	39	38	27	37	21	12	29	17	20	19	5	7	19	34	0	34	54	105	61	86	87	80	69	69	98	81	126	75	94	101	92	102	103	81	69	60	97	119	121	79	62	91	98	99	103	86	64	69	65	56	68	86	49	98	62	78	95	62	62	57	79	49	68	105	96	69	80	59	
55	38	29	22	33	29	34	29	49	4	60	9	52	22	37	21	42	41	6	23	43	36	48	23	53	55	29	4	56	26	49	49	20	9	10	39	50	43	58	47	42	49	33	29	39	6	34	0	80	125	83	107	107	97	87	90	115	107	143	93	120	119	109	122	122	98	95	72	123	136	138	96	88	111	118	116	123	103	77	95	91	74	94	107	75	118	85	95	115	79	80	74	100	75	94	124	122	95	97	85	
54	45	74	63	87	74	88	58	35	76	46	76	49	63	43	63	39	109	76	62	58	45	36	57	56	48	80	82	49	81	60	36	71	81	75	60	47	42	51	45	39	46	55	52	41	77	54	80	0	55	9	35	38	32	22	21	56	39	77	27	52	59	49	50	53	36	27	53	53	70	73	43	20	41	49	56	52	44	34	21	23	19	26	35	9	46	14	38	43	33	21	33	29	9	26	56	48	21	41	17	
105	93	110	115	123	110	124	110	81	122	73	127	101	114	90	115	90	145	123	113	91	92	76	104	107	78	131	124	77	117	112	80	106	118	126	96	99	93	102	96	90	97	106	103	92	121	105	125	55	0	46	24	19	28	39	36	36	36	31	33	30	27	32	5	2	27	49	75	26	23	26	37	57	15	9	20	6	30	61	45	48	53	50	24	58	20	43	33	22	57	45	61	28	56	46	2	27	42	35	53	
61	52	69	70	82	69	83	65	40	81	41	83	56	70	49	70	46	104	82	69	53	51	35	63	63	43	87	83	44	76	67	39	66	77	82	55	54	49	57	52	45	53	62	59	48	80	61	83	9	46	0	26	29	23	13	12	47	30	68	18	43	50	40	41	44	27	21	48	44	61	64	34	20	32	40	47	43	35	29	12	17	14	23	26	14	37	7	29	34	28	16	28	20	11	17	47	39	12	31	17	
87	76	92	96	106	93	107	91	64	105	61	109	82	95	73	96	71	128	105	95	77	75	59	87	88	65	113	106	64	100	93	63	89	101	108	79	80	75	83	77	71	78	87	84	74	104	86	107	35	24	26	0	11	20	24	21	42	14	49	21	24	37	35	19	21	23	26	68	21	42	44	34	36	11	17	30	20	32	50	24	28	35	28	1	39	12	24	29	8	48	31	48	11	37	26	25	18	22	32	33	
87	76	92	96	106	93	107	91	64	105	59	109	82	96	73	96	72	128	105	95	77	75	59	86	89	63	113	106	62	100	93	63	89	100	108	78	80	75	83	78	71	79	88	85	74	104	87	107	38	19	29	11	0	12	22	17	34	25	42	16	34	30	27	17	17	16	32	64	31	35	37	26	39	5	13	23	18	25	48	27	31	35	33	12	40	20	24	22	19	46	29	47	9	37	28	20	28	25	24	36	
81	66	83	91	96	83	97	84	54	95	47	100	77	89	63	91	63	118	95	90	66	65	49	77	83	52	108	97	51	90	88	53	79	91	98	69	75	69	78	72	64	73	82	76	64	94	80	97	32	28	23	20	12	0	12	12	25	30	49	7	42	26	18	27	26	3	31	52	40	42	44	14	36	15	21	23	28	12	36	23	29	26	32	20	34	31	19	9	28	34	18	35	9	32	28	27	37	23	12	33	
71	56	72	80	86	73	87	74	44	85	40	89	67	78	53	81	53	108	85	79	57	55	39	66	73	44	97	86	43	80	78	43	69	81	88	58	64	59	68	62	53	63	72	66	54	84	69	87	22	39	13	24	22	12	0	5	36	32	61	7	44	38	29	37	37	16	27	47	42	53	56	22	30	26	33	35	39	23	28	17	23	15	28	24	24	36	9	17	32	27	8	27	15	21	22	39	39	17	20	27	
69	58	75	79	89	75	89	74	46	87	43	92	65	78	55	79	54	110	88	78	59	57	41	69	71	48	96	89	47	82	76	45	72	83	91	61	63	57	66	60	54	61	70	67	56	86	69	90	21	36	12	21	17	12	5	0	36	29	57	7	41	38	29	32	34	15	25	50	40	50	53	22	28	22	29	35	34	23	32	15	21	18	26	21	22	33	7	17	30	30	13	31	10	20	20	35	36	15	20	25	
103	84	96	111	106	97	106	103	73	113	56	118	98	107	82	109	82	127	113	111	74	83	68	95	104	61	129	112	60	100	109	72	95	106	117	78	96	91	99	94	82	94	102	95	83	111	98	115	56	36	47	42	34	25	36	36	0	52	41	30	62	15	7	41	37	21	53	47	59	34	36	20	60	32	31	16	42	16	42	47	52	46	54	42	55	48	43	21	46	39	38	47	30	53	50	35	56	46	21	57	
77	73	99	91	113	100	114	86	63	103	68	104	77	90	71	91	66	134	103	90	84	72	64	84	79	73	108	109	72	107	86	64	96	107	103	85	75	69	74	72	66	73	82	79	68	105	81	107	39	36	30	14	25	30	32	29	52	0	62	30	16	51	45	31	34	34	13	75	19	55	58	43	24	25	30	44	33	43	57	23	17	43	14	14	44	23	31	38	20	55	38	56	23	42	16	38	16	22	41	23	
127	112	127	136	139	128	140	130	100	141	90	145	122	135	109	136	109	161	141	135	108	111	95	123	128	94	153	141	93	134	133	99	124	136	144	112	120	115	123	117	110	118	127	122	110	140	126	143	77	31	68	49	42	49	61	57	41	62	0	54	58	31	36	35	32	47	71	87	55	8	10	50	79	38	32	28	36	43	74	67	70	73	73	49	79	48	64	48	48	70	65	77	49	77	68	29	55	64	51	76	
76	62	78	85	92	79	93	80	50	91	43	95	72	84	59	86	59	114	91	84	61	61	45	73	78	48	102	92	47	86	83	49	75	87	94	65	70	64	73	67	59	68	77	72	60	90	75	93	27	33	18	21	16	7	7	7	30	30	54	0	42	33	23	31	31	10	30	50	40	47	50	16	33	19	27	30	32	18	32	20	26	21	31	21	29	32	14	12	29	30	13	31	9	27	25	33	37	20	14	30	
90	85	112	103	125	112	126	99	76	116	81	116	90	103	83	104	79	147	116	102	96	85	77	97	92	85	120	122	84	119	99	76	108	120	115	98	87	82	86	85	79	86	95	92	81	117	94	120	52	30	43	24	34	42	44	41	62	16	58	42	0	54	55	25	29	45	26	87	3	51	54	55	37	31	32	47	26	53	69	36	30	55	27	24	57	16	44	50	17	68	51	68	34	54	29	31	8	36	53	36	
105	88	103	115	115	104	116	106	76	117	65	121	101	110	85	113	85	136	117	114	83	87	71	99	107	70	132	117	68	109	112	75	100	111	120	87	99	93	102	96	86	97	106	98	86	116	101	119	59	27	50	37	30	26	38	38	15	51	31	33	54	0	10	31	28	23	54	62	51	23	26	25	61	26	22	7	33	19	49	49	53	49	55	37	58	40	45	24	38	45	41	53	31	56	51	25	48	47	26	58	
96	78	94	105	105	94	105	97	66	107	55	112	91	101	75	103	76	126	107	104	73	77	62	89	98	59	122	108	58	99	102	65	90	102	110	77	89	84	92	87	76	88	96	88	77	106	92	109	49	32	40	35	27	18	29	29	7	45	36	23	55	10	0	35	32	14	46	52	53	29	32	15	53	26	25	11	36	9	39	40	45	39	47	35	49	41	36	14	40	35	31	43	24	46	43	30	49	39	16	50	
102	91	108	111	121	108	122	106	79	120	73	124	97	111	88	111	87	143	120	110	91	90	74	102	104	77	128	122	76	115	108	78	104	116	123	94	95	90	98	93	86	94	103	100	89	119	102	122	50	5	41	19	17	27	38	33	41	31	35	31	25	31	35	0	5	26	44	75	22	28	30	37	52	12	10	25	1	33	61	40	43	51	45	19	55	15	39	32	18	57	44	60	23	52	41	7	22	37	35	49	
103	91	108	112	121	108	122	108	79	120	71	125	99	112	88	113	88	142	121	111	89	90	74	102	105	76	129	122	75	115	110	78	104	116	123	93	96	91	100	94	88	95	104	101	89	119	103	122	53	2	44	21	17	26	37	34	37	34	32	31	29	28	32	5	0	25	47	74	26	24	27	35	54	12	7	21	5	30	59	42	46	51	48	22	56	19	41	31	20	55	43	59	25	54	44	4	26	40	33	51	
83	67	83	92	96	83	97	85	55	96	46	101	79	90	64	92	64	118	96	91	65	66	50	78	85	51	109	97	50	90	90	54	80	91	99	69	76	71	80	74	65	75	84	77	65	95	81	98	36	27	27	23	16	3	16	15	21	34	47	10	45	23	14	26	25	0	35	49	43	40	42	11	39	14	20	20	28	9	34	26	32	26	36	23	36	31	22	6	30	30	19	34	12	33	31	26	39	26	9	36	
65	61	90	79	104	91	105	74	51	91	62	92	65	78	59	79	54	125	91	78	75	60	52	72	67	65	96	97	66	98	74	52	87	96	91	76	63	58	62	60	54	61	70	67	56	93	69	95	27	49	21	26	32	31	27	25	53	13	71	30	26	54	46	44	47	35	0	69	29	64	67	43	12	35	43	51	45	43	51	12	6	35	1	26	35	34	22	38	32	49	33	50	23	32	5	50	27	12	41	11	
76	47	52	73	60	53	61	64	38	71	12	77	70	69	44	71	48	81	72	73	30	43	33	54	76	17	93	69	16	56	75	37	51	63	76	35	68	60	72	64	49	67	64	56	45	68	60	72	53	75	48	68	64	52	47	50	47	75	87	50	87	62	52	75	74	49	69	0	86	80	82	38	63	63	68	60	77	46	20	59	65	35	70	68	47	79	49	43	76	28	39	20	59	45	64	73	83	59	40	60	
93	88	111	106	124	111	125	101	78	119	79	119	92	106	86	106	82	146	118	105	95	88	77	99	94	84	123	125	83	118	102	79	107	119	118	97	90	85	89	88	81	89	98	95	84	120	97	123	53	26	44	21	31	40	42	40	59	19	55	40	3	51	53	22	26	43	29	86	0	47	50	53	39	28	29	44	23	51	68	39	33	54	30	21	57	13	42	49	14	66	49	67	32	55	32	28	4	38	51	39	
119	105	120	129	132	121	133	123	93	134	83	138	115	128	102	129	102	154	134	128	101	104	88	116	121	87	145	134	86	127	126	92	117	129	137	105	113	107	116	110	103	111	120	115	103	133	119	136	70	23	61	42	35	42	53	50	34	55	8	47	51	23	29	28	24	40	64	80	47	0	4	43	72	31	25	21	29	36	67	60	63	66	65	42	72	41	57	41	41	63	58	70	42	70	61	22	48	57	43	68	
122	107	123	131	135	123	136	126	96	136	85	141	118	130	105	132	105	156	137	130	103	106	91	118	124	90	148	137	89	129	129	95	120	131	140	107	115	110	119	113	105	114	123	118	106	135	121	138	73	26	64	44	37	44	56	53	36	58	10	50	54	26	32	30	27	42	67	82	50	4	0	45	74	33	28	24	32	38	69	62	66	68	68	44	75	44	60	44	44	65	60	73	44	72	64	24	51	60	46	71	
88	65	79	92	89	79	90	83	53	94	40	99	83	88	62	90	63	111	94	92	58	64	48	76	90	44	112	93	43	84	93	52	75	87	97	62	80	74	85	77	63	79	83	75	63	92	79	96	43	37	34	34	26	14	22	22	20	43	50	16	55	25	15	37	35	11	43	38	53	43	45	0	46	25	30	23	38	8	24	33	39	30	44	34	42	42	29	5	41	20	24	27	22	39	38	35	50	33	2	43	
58	53	83	71	97	84	98	66	44	84	57	84	58	71	51	71	47	119	84	70	68	53	45	65	60	58	88	90	60	91	67	44	80	89	83	70	55	50	54	53	47	54	63	60	49	85	62	88	20	57	20	36	39	36	30	28	60	24	79	33	37	61	53	52	54	39	12	63	39	72	74	46	0	43	50	58	53	47	45	14	10	30	11	36	28	46	25	41	44	44	32	44	31	27	13	57	39	15	44	3	
91	80	97	101	110	97	111	96	68	109	61	114	87	100	77	101	76	132	110	100	79	79	63	91	93	65	118	111	64	104	98	67	94	105	112	83	85	79	88	82	76	83	92	89	78	108	91	111	41	15	32	11	5	15	26	22	32	25	38	19	31	26	26	12	12	14	35	63	28	31	33	25	43	0	8	19	13	23	49	31	34	40	36	11	44	17	29	20	16	45	32	48	14	42	32	16	25	28	23	39	
99	87	103	108	116	104	117	103	75	116	67	120	94	108	84	108	83	138	116	107	85	86	70	97	100	71	125	117	70	111	105	74	100	111	119	89	92	87	95	90	83	90	100	96	85	115	98	118	49	9	40	17	13	21	33	29	31	30	32	27	32	22	25	10	7	20	43	68	29	25	28	30	50	8	0	15	12	23	54	38	42	46	44	17	51	18	36	26	16	50	38	54	21	49	40	9	25	36	29	47	
103	85	100	112	113	101	113	103	73	114	63	119	98	108	82	110	83	134	114	111	81	84	69	96	104	67	129	115	66	107	109	72	97	109	117	85	96	91	99	94	83	94	103	95	83	113	99	116	56	20	47	30	23	23	35	35	16	44	28	30	47	7	11	25	21	20	51	60	44	21	24	23	58	19	15	0	26	16	47	46	50	46	52	30	56	33	42	21	31	43	38	51	28	53	48	19	41	44	24	55	
103	93	109	113	123	110	124	108	81	121	74	126	99	112	90	113	88	144	122	112	92	92	76	103	105	79	129	123	78	117	110	79	106	117	124	95	97	91	100	94	88	95	104	101	90	121	103	124	52	6	43	20	18	28	39	35	42	33	36	33	26	33	36	1	5	28	45	77	23	29	32	38	53	13	12	26	0	34	62	41	45	52	47	20	56	16	41	34	18	58	45	62	25	54	42	7	23	39	36	50	
90	73	87	100	97	87	98	91	61	102	48	106	86	95	70	98	70	119	102	99	66	72	56	84	92	52	117	101	51	92	97	60	83	95	105	70	84	78	87	81	71	82	90	83	71	100	86	103	44	30	35	32	25	12	23	23	16	43	43	18	53	19	9	33	30	9	43	46	51	36	38	8	47	23	23	16	34	0	32	35	40	34	45	32	43	39	31	9	38	28	26	35	21	41	40	28	47	35	9	44	
73	50	58	77	68	59	68	69	39	77	18	83	68	73	48	76	48	89	78	77	36	49	34	60	75	22	97	74	21	62	78	38	57	69	82	40	66	59	70	62	48	64	68	61	49	73	64	77	34	61	29	50	48	36	28	32	42	57	74	32	69	49	39	61	59	34	51	20	68	67	69	24	45	49	54	47	62	32	0	41	47	17	52	49	30	61	31	28	58	10	20	8	41	28	46	59	65	41	26	42	
65	60	80	78	94	81	95	73	51	91	52	91	64	78	58	78	54	116	90	77	65	60	47	72	66	55	95	94	56	88	74	51	77	89	90	66	62	57	61	60	54	61	70	67	56	92	69	95	21	45	12	24	27	23	17	15	47	23	67	20	36	49	40	40	42	26	12	59	39	60	62	33	14	31	38	46	41	35	41	0	6	26	13	24	25	36	12	29	33	40	24	40	19	23	8	45	36	3	31	11	
61	57	86	74	100	87	101	70	47	87	58	88	61	74	54	75	50	121	87	73	71	56	48	68	63	61	91	93	62	94	70	47	83	92	86	72	58	53	58	56	50	57	66	63	52	89	65	91	23	48	17	28	31	29	23	21	52	17	70	26	30	53	45	43	46	32	6	65	33	63	66	39	10	34	42	50	45	40	47	6	0	31	7	28	31	39	18	34	36	45	29	46	22	29	3	49	32	6	37	7	
60	42	59	69	73	60	73	61	30	71	28	76	56	65	40	68	40	94	72	68	44	41	26	53	62	32	86	73	31	67	67	29	56	67	75	45	54	48	57	51	40	52	60	53	41	70	56	74	19	53	14	35	35	26	15	18	46	43	73	21	55	49	39	50	51	26	35	35	54	66	68	30	30	40	46	46	52	34	17	26	31	0	36	35	15	47	15	27	44	16	8	16	28	13	31	52	50	26	29	27	
64	60	90	77	103	90	104	73	50	90	63	91	64	77	57	78	53	125	90	76	74	59	51	71	66	64	94	96	66	97	73	50	86	95	89	76	62	56	61	59	53	60	69	66	55	92	68	94	26	50	23	28	33	32	28	26	54	14	73	31	27	55	47	45	48	36	1	70	30	65	68	44	11	36	44	52	47	45	52	13	7	36	0	28	34	36	23	40	34	50	35	50	24	33	6	51	28	13	42	10	
86	76	92	96	106	93	107	91	64	105	61	109	82	95	73	96	71	128	105	95	77	75	59	86	88	65	113	106	64	100	93	63	89	101	108	78	80	74	83	77	71	78	87	84	73	104	86	107	35	24	26	1	12	20	24	21	42	14	49	21	24	37	35	19	22	23	26	68	21	42	44	34	36	11	17	30	20	32	49	24	28	35	28	0	39	12	24	29	8	48	31	48	11	37	26	25	18	22	32	33	
49	41	67	59	81	68	82	54	31	71	39	72	45	58	39	59	34	102	71	58	52	40	32	52	51	42	76	77	44	75	56	31	64	75	71	53	43	38	46	40	34	41	50	47	36	73	49	75	9	58	14	39	40	34	24	22	55	44	79	29	57	58	49	55	56	36	35	47	57	72	75	42	28	44	51	56	56	43	30	25	31	15	34	39	0	51	15	37	48	29	17	29	32	2	30	58	53	25	40	25	
98	87	104	107	117	104	118	102	75	116	72	120	93	107	84	107	83	139	117	106	88	86	70	98	100	77	124	118	76	111	105	74	101	112	119	90	91	86	95	89	83	90	99	96	85	115	98	118	46	20	37	12	20	31	36	33	48	23	48	32	16	40	41	15	19	31	34	79	13	41	44	42	46	17	18	33	16	39	61	36	39	47	36	12	51	0	36	37	3	59	42	60	23	48	37	21	10	33	40	45	
62	53	70	72	84	70	84	67	41	82	42	85	58	71	51	72	47	105	83	71	55	52	36	64	64	44	88	84	45	77	69	40	67	78	83	56	56	50	59	53	47	54	63	60	49	81	62	85	14	43	7	24	24	19	9	7	43	31	64	14	44	45	36	39	41	22	22	49	42	57	60	29	25	29	36	42	41	31	31	12	18	15	23	24	15	36	0	25	33	29	15	30	17	13	17	42	39	12	27	22	
84	64	79	91	92	80	93	82	52	93	43	97	80	87	61	89	61	114	93	91	61	63	47	75	86	47	110	93	46	87	91	51	76	88	96	65	78	72	81	75	62	76	82	74	62	92	78	95	38	33	29	29	22	9	17	17	21	38	48	12	50	24	14	32	31	6	38	43	49	41	44	5	41	20	26	21	34	9	28	29	34	27	40	29	37	37	25	0	36	24	20	31	18	35	34	32	45	29	2	38	
95	84	101	104	114	101	115	99	72	113	69	117	90	104	81	104	80	136	113	103	85	83	67	95	97	74	121	115	73	108	101	71	97	109	116	87	88	83	92	86	79	87	96	93	82	112	95	115	43	22	34	8	19	28	32	30	46	20	48	29	17	38	40	18	20	30	32	76	14	41	44	41	44	16	16	31	18	38	58	33	36	44	34	8	48	3	33	36	0	56	39	57	20	45	34	24	11	30	39	42	
72	49	62	76	73	63	74	67	37	78	24	82	66	71	46	74	46	95	78	76	42	48	32	60	73	28	96	76	27	68	76	36	59	71	81	46	64	58	68	61	47	63	67	59	47	75	62	79	33	57	28	48	46	34	27	30	39	55	70	30	68	45	35	57	55	30	49	28	66	63	65	20	44	45	50	43	58	28	10	40	45	16	50	48	29	59	29	24	56	0	19	11	40	26	44	55	63	40	22	41	
65	48	65	74	79	65	79	67	36	77	32	82	60	71	46	73	46	100	78	73	49	47	31	59	66	36	91	79	35	72	71	35	62	73	81	51	58	53	61	55	46	56	65	59	47	76	62	80	21	45	16	31	29	18	8	13	38	38	65	13	51	41	31	44	43	19	33	39	49	58	60	24	32	32	38	38	45	26	20	24	29	8	35	31	17	42	15	20	39	19	0	19	23	15	29	44	46	24	22	28	
67	44	57	71	68	58	69	62	32	72	18	77	61	66	41	69	41	90	73	71	37	43	27	55	68	23	91	71	22	63	71	31	54	66	76	41	59	53	63	56	42	58	61	54	42	70	57	74	33	61	28	48	47	35	27	31	47	56	77	31	68	53	43	60	59	34	50	20	67	70	73	27	44	48	54	51	62	35	8	40	46	16	50	48	29	60	30	31	57	11	19	0	40	27	45	60	64	40	29	41	
80	68	85	89	99	86	100	84	56	97	53	102	75	88	66	89	64	120	98	88	70	67	52	79	81	57	106	99	56	93	86	55	82	93	101	71	73	68	76	71	64	71	81	77	67	96	79	100	29	28	20	11	9	9	15	10	30	23	49	9	34	31	24	23	25	12	23	59	32	42	44	22	31	14	21	28	25	21	41	19	22	28	24	11	32	23	17	18	20	40	23	40	0	30	20	27	29	16	20	28	
50	41	65	59	78	65	79	54	31	72	37	72	45	59	39	59	34	100	71	58	49	41	31	52	51	39	76	78	41	72	56	32	61	73	71	51	43	38	46	41	34	41	51	47	37	73	49	75	9	56	11	37	37	32	21	20	53	42	77	27	54	56	46	52	54	33	32	45	55	70	72	39	27	42	49	53	54	41	28	23	29	13	33	37	2	48	13	35	45	26	15	27	30	0	28	55	50	23	37	24	
64	59	85	77	99	86	100	73	50	90	57	90	64	77	57	78	53	121	90	76	70	59	51	71	66	60	94	96	61	93	73	50	82	94	89	71	61	56	60	59	53	60	69	66	55	91	68	94	26	46	17	26	28	28	22	20	50	16	68	25	29	51	43	41	44	31	5	64	32	61	64	38	13	32	40	48	42	40	46	8	3	31	6	26	30	37	17	34	34	44	29	45	20	28	0	46	30	7	36	10	
105	93	109	114	122	110	123	109	81	121	73	126	100	114	90	114	89	144	122	113	91	92	76	103	107	77	131	123	76	117	111	80	106	117	125	95	98	93	101	96	89	97	106	103	91	121	105	124	56	2	47	25	20	27	39	35	35	38	29	33	31	25	30	7	4	26	50	73	28	22	24	35	57	16	9	19	7	28	59	45	49	52	51	25	58	21	42	32	24	55	44	60	27	55	46	0	28	43	35	54	
92	88	107	105	121	108	122	101	78	118	76	119	92	105	85	106	81	143	118	104	92	87	74	99	94	80	122	121	79	115	101	78	104	116	117	94	89	84	89	87	81	88	97	94	83	119	96	122	48	27	39	18	28	37	39	36	56	16	55	37	8	48	49	22	26	39	27	83	4	48	51	50	39	25	25	41	23	47	65	36	32	50	28	18	53	10	39	45	11	63	46	64	29	50	30	28	0	34	48	38	
65	61	80	79	94	81	95	74	51	91	53	92	65	78	59	79	54	116	91	78	65	61	47	72	67	55	96	94	56	88	74	51	77	89	91	67	63	58	62	60	54	61	70	67	57	92	69	95	21	42	12	22	25	23	17	15	46	22	64	20	36	47	39	37	40	26	12	59	38	57	60	33	15	28	36	44	39	35	41	3	6	26	13	22	25	33	12	29	30	40	24	40	16	23	7	43	34	0	31	12	
87	66	81	93	91	81	92	85	55	95	42	100	82	89	64	91	64	113	95	93	60	65	50	77	89	46	113	95	45	86	93	53	77	89	99	64	80	75	84	78	64	79	84	77	65	94	80	97	41	35	31	32	24	12	20	20	21	41	51	14	53	26	16	35	33	9	41	40	51	43	46	2	44	23	29	24	36	9	26	31	37	29	42	32	40	40	27	2	39	22	22	29	20	37	36	35	48	31	0	41	
55	50	80	68	94	81	95	63	41	81	54	81	54	68	48	68	44	116	80	67	65	50	42	62	56	55	85	87	57	88	64	41	77	86	80	66	52	47	51	50	43	51	60	57	46	82	59	85	17	53	17	33	36	33	27	25	57	23	76	30	36	58	50	49	51	36	11	60	39	68	71	43	3	39	47	55	50	44	42	11	7	27	10	33	25	45	22	38	42	41	28	41	28	24	10	54	38	12	41	0	
