0	31	68	34	79	69	80	30	38	51	63	49	20	55	36	34	22	43	34	38	96	34	49	33	35	60	36	43	41	42	2	61	44	59	64	72	43	10	39	64	59	47	26	57	18	21	3	22	36	17	25	14	32	36	54	25	40	55	54	105	61	87	87	81	71	69	103	74	94	77	92	127	96	76	90	105	98	96	102	103	55	83	65	76	93	119	122	88	58	91	63	99	103	103	90	73	65	61	90	60	113	64	86	49	69	98	62	84	95	72	65	67	80	61	64	50	119	64	105	68	92	65	104	87	55	
31	0	44	27	56	44	57	18	15	34	35	36	27	38	23	3	22	18	25	8	78	25	35	27	12	34	8	17	10	17	29	30	47	42	33	49	19	28	16	39	41	35	13	31	24	13	34	17	7	23	18	17	12	5	37	14	17	38	45	93	52	76	76	66	56	58	84	58	76	73	75	112	85	62	85	88	86	78	91	91	41	67	61	47	88	105	107	65	53	80	58	87	85	92	73	50	60	57	80	42	96	60	76	41	59	87	53	64	84	49	48	44	68	40	43	41	101	59	93	45	88	61	86	66	50	
68	44	0	37	17	1	17	42	45	28	41	38	65	24	34	42	52	28	36	45	38	36	30	38	33	22	37	43	41	27	66	38	54	26	37	11	26	64	44	8	20	36	43	19	63	51	71	56	47	62	46	55	36	43	25	44	28	29	74	110	69	92	92	83	72	75	96	74	89	99	90	127	102	78	112	103	102	94	107	108	58	83	90	52	111	120	123	79	83	97	88	103	100	109	87	58	80	86	96	59	111	90	92	67	76	104	70	79	101	62	65	57	85	57	59	65	117	85	109	56	107	80	101	81	80	
34	27	37	0	46	38	47	10	42	18	62	15	31	22	4	30	15	30	2	35	63	2	16	1	24	49	30	44	37	21	31	56	23	26	58	39	19	27	43	32	25	14	16	44	29	21	37	26	34	27	12	20	21	32	21	15	18	22	63	115	70	96	96	91	80	79	111	83	103	91	102	136	105	85	103	115	107	105	111	112	64	92	79	73	106	129	131	92	71	101	76	108	112	112	100	77	78	74	100	69	122	77	96	59	78	107	72	91	104	76	74	71	89	67	70	59	128	77	114	72	105	79	113	93	68	
79	56	17	46	0	16	1	53	59	33	51	42	77	29	45	54	61	41	46	57	27	45	35	47	46	31	51	56	55	39	77	50	60	30	46	8	38	73	58	18	25	41	55	29	75	64	83	69	60	73	57	66	49	55	30	56	41	33	87	123	82	106	106	96	86	89	106	88	100	113	102	139	115	92	125	115	115	105	121	121	72	96	104	60	124	132	135	89	97	110	102	116	113	122	97	68	94	100	110	73	123	103	106	81	89	117	84	92	114	73	79	68	99	71	72	78	129	99	122	66	121	94	112	91	94	
69	44	1	38	16	0	17	42	46	29	42	38	66	24	35	42	52	28	37	45	38	37	31	39	34	22	38	43	42	27	67	39	55	26	37	11	26	65	45	9	21	37	43	20	64	52	72	57	48	62	47	55	37	43	25	44	29	29	74	110	69	93	93	83	73	75	97	75	90	100	91	128	102	79	112	104	103	94	108	108	58	83	91	53	111	121	123	79	84	97	89	104	101	109	87	59	81	87	97	60	111	90	93	68	76	104	70	80	101	63	65	58	86	57	59	65	117	86	110	57	108	81	102	81	81	
80	57	17	47	1	17	0	53	59	34	52	43	78	29	46	55	62	42	46	58	28	46	36	48	47	32	52	57	56	40	78	51	61	31	47	9	39	74	58	19	26	42	56	30	76	65	83	69	61	74	58	67	50	56	31	57	42	34	88	124	83	107	107	97	87	89	106	89	101	114	103	140	116	93	126	116	116	105	122	122	72	97	105	61	125	133	136	90	98	111	103	117	113	123	98	68	95	101	111	73	124	104	107	82	90	118	84	93	115	74	79	69	100	71	73	79	130	100	123	67	122	95	113	92	95	
30	18	42	10	53	42	53	0	34	25	53	23	27	29	7	21	11	25	9	26	71	9	23	10	15	44	21	35	29	22	27	48	33	33	49	45	23	24	35	37	32	22	6	41	25	17	33	22	25	23	5	16	12	24	28	5	20	29	58	110	65	91	91	84	74	74	103	76	94	86	93	130	100	80	99	106	102	97	106	108	59	85	74	64	101	123	126	83	66	96	71	103	103	108	91	69	73	70	95	61	114	73	91	54	73	102	67	82	99	67	67	62	84	59	62	54	120	73	109	63	101	74	104	85	63	
38	15	45	42	59	46	59	34	0	45	25	49	33	48	38	13	38	21	41	12	80	40	46	42	24	33	14	5	5	26	40	23	62	52	27	53	28	43	1	42	50	48	28	31	31	24	35	27	13	29	33	31	26	14	47	29	28	49	35	81	40	64	64	54	44	46	73	46	64	63	63	100	73	50	76	76	74	66	79	79	29	55	51	38	78	93	96	53	44	68	48	75	73	80	61	39	51	47	68	30	84	50	64	31	47	75	41	52	72	37	36	32	56	28	32	31	90	50	81	33	78	51	74	55	41	
51	34	28	18	33	29	34	25	45	0	60	11	48	5	18	33	32	27	17	38	46	17	2	19	23	42	32	46	40	19	49	55	31	8	55	25	18	45	46	20	8	10	30	38	46	39	54	43	38	45	29	37	25	35	3	30	18	4	76	122	81	105	105	95	85	87	113	87	104	103	104	141	114	91	116	117	115	107	120	120	70	96	91	71	119	134	136	94	84	109	89	116	114	121	102	77	91	87	108	71	124	90	105	71	88	116	82	93	113	78	77	72	97	69	72	72	130	90	121	73	118	91	115	95	81	
63	35	41	62	51	42	52	53	25	60	0	66	58	55	57	32	57	34	60	35	73	59	61	61	43	20	32	20	25	43	64	6	81	57	5	45	45	63	24	40	52	64	47	24	56	47	60	52	37	54	52	52	45	33	56	48	47	60	46	73	41	61	59	47	40	43	56	39	50	68	53	90	69	43	81	65	66	55	73	71	30	46	62	12	79	83	85	40	57	61	61	67	63	74	48	18	52	58	65	28	73	63	61	39	44	72	42	43	69	24	32	18	53	25	24	37	79	57	73	16	76	53	63	42	54	
49	36	38	15	42	38	43	23	49	11	66	0	46	16	17	37	30	32	15	41	50	15	9	16	27	50	36	50	44	23	46	60	23	13	62	35	21	43	50	29	18	1	29	46	44	36	52	41	41	42	27	35	25	39	15	29	21	9	76	127	83	109	109	100	89	92	118	91	109	104	108	145	118	95	116	121	119	112	124	125	75	101	92	77	119	138	141	99	84	114	89	120	119	126	106	83	91	88	113	76	129	91	109	72	91	120	85	97	117	82	82	77	102	74	77	72	135	90	126	78	119	92	120	100	81	
20	27	65	31	77	66	78	27	33	48	58	46	0	53	34	30	21	40	31	29	94	32	46	30	32	56	33	38	35	39	19	54	44	57	58	69	41	19	34	61	56	45	24	53	2	17	17	10	27	4	23	13	30	31	52	23	38	52	49	101	56	82	82	77	67	65	98	69	90	77	88	122	92	72	90	101	93	91	97	99	50	79	65	70	92	115	118	83	58	87	62	94	98	99	86	68	64	61	86	56	109	64	82	45	64	93	58	80	90	66	60	61	75	57	60	45	114	64	100	62	92	65	99	82	54	
55	38	24	22	29	24	29	29	48	5	55	16	53	0	22	37	37	27	22	40	42	21	7	23	27	38	35	46	43	22	53	50	35	4	51	21	20	49	47	15	4	15	34	34	51	43	59	48	42	49	34	42	29	38	1	35	22	7	78	121	81	104	104	94	84	87	110	86	101	106	102	139	114	90	118	115	114	105	119	119	70	95	94	66	121	132	135	90	86	109	91	115	112	120	98	72	92	89	108	71	123	93	104	74	87	116	82	91	113	74	77	69	97	69	70	74	129	92	121	70	119	92	113	92	83	
36	23	34	4	45	35	46	7	38	18	57	17	34	22	0	25	18	27	2	30	63	2	17	4	19	46	25	39	33	18	34	52	26	26	54	38	17	30	39	30	25	15	13	42	32	24	40	29	29	30	12	23	16	28	21	12	16	22	63	114	70	95	96	89	78	78	107	80	98	90	98	135	105	84	103	110	107	101	111	112	64	90	78	69	106	128	130	88	71	100	76	108	108	112	95	73	78	74	99	65	118	77	95	58	78	107	71	87	104	71	71	66	88	63	66	59	124	77	114	67	105	78	109	89	68	
34	3	42	30	54	42	55	21	13	33	32	37	30	37	25	0	25	16	28	5	76	28	34	30	11	31	5	14	8	15	32	27	50	40	30	46	17	31	14	37	39	35	16	29	27	15	37	20	6	26	20	20	13	3	36	16	16	37	43	90	49	73	73	63	53	55	82	55	73	71	72	109	82	59	83	85	83	75	88	88	39	64	59	44	86	102	105	62	51	77	56	84	82	89	70	48	58	54	77	40	93	57	73	39	56	84	51	61	81	46	46	41	66	37	41	39	99	57	90	42	85	59	83	64	48	
22	22	52	15	61	52	62	11	38	32	57	30	21	37	18	25	0	32	15	30	78	16	30	14	24	48	25	39	33	31	20	52	26	41	54	53	32	14	39	47	40	29	15	46	19	15	25	17	29	17	11	9	21	28	36	14	29	36	57	108	63	89	89	84	74	72	105	76	97	84	95	129	99	79	97	108	100	98	104	106	58	86	72	69	99	122	125	88	65	94	69	101	105	106	93	73	72	68	93	63	116	71	89	52	71	101	65	86	97	71	67	66	82	63	66	52	122	71	107	67	99	72	106	89	61	
43	18	28	30	41	28	42	25	21	27	34	32	40	27	27	16	32	0	29	20	63	29	27	31	13	24	12	19	18	9	41	29	47	30	31	35	10	39	20	25	29	30	19	20	38	26	46	31	22	36	24	29	16	17	26	20	14	29	55	95	54	78	78	68	58	60	86	60	78	83	77	114	87	64	96	90	88	80	93	93	44	69	71	46	96	107	109	67	64	82	68	89	87	94	75	51	66	67	82	45	98	70	78	51	61	89	56	66	86	51	51	46	71	42	45	50	103	70	95	47	93	66	88	68	61	
34	25	36	2	46	37	46	9	41	17	60	15	31	22	2	28	15	29	0	33	62	1	15	2	22	48	28	42	35	20	32	54	24	25	56	38	19	28	42	32	25	14	15	44	29	21	37	26	32	28	12	20	19	31	21	14	17	21	63	115	70	96	96	91	81	79	109	83	101	91	100	136	105	86	104	113	107	103	111	113	64	92	79	71	106	129	132	90	71	101	76	108	110	113	98	76	78	75	100	68	121	78	96	59	78	107	72	89	104	74	73	69	89	65	68	59	127	78	114	70	106	79	111	91	68	
38	8	45	35	57	45	58	26	12	38	35	41	29	40	30	5	30	20	33	0	79	33	38	34	16	35	9	17	11	18	36	31	55	44	33	50	20	36	13	40	43	40	21	32	27	20	35	23	5	25	25	25	18	2	39	21	21	42	39	90	46	71	72	63	53	54	82	55	73	66	72	109	81	59	79	85	83	76	87	88	39	64	54	48	82	102	105	63	47	76	51	83	83	88	70	48	54	50	75	40	93	53	71	34	53	83	47	61	80	46	46	41	64	38	41	34	99	53	89	42	81	54	84	64	44	
96	78	38	63	27	38	28	71	80	46	73	50	94	42	63	76	78	63	62	79	0	62	47	64	68	53	72	78	77	61	94	72	68	38	68	29	60	90	79	40	39	51	75	50	92	84	99	89	81	90	75	83	70	77	43	76	62	41	109	145	104	128	128	118	108	110	127	110	122	134	124	161	137	114	147	136	137	126	143	142	93	118	125	81	146	154	156	111	119	132	123	138	134	144	119	89	116	121	131	94	145	125	128	102	111	139	105	114	136	95	100	90	120	92	94	100	150	121	144	88	143	116	134	113	116	
34	25	36	2	45	37	46	9	40	17	59	15	32	21	2	28	16	29	1	33	62	0	15	2	21	47	27	42	35	20	32	54	24	25	56	38	18	28	41	31	24	14	15	43	30	22	37	27	32	28	12	20	19	30	20	14	17	21	64	115	71	96	97	91	81	79	109	83	101	91	100	136	106	86	104	113	108	103	112	113	65	92	79	71	107	129	132	90	72	101	77	109	110	113	98	75	79	75	100	67	120	78	96	59	79	108	72	89	105	74	73	69	90	65	68	60	126	78	115	70	106	79	111	91	69	
49	35	30	16	35	31	36	23	46	2	61	9	46	7	17	34	30	27	15	38	47	15	0	17	24	44	33	46	41	20	47	56	29	10	57	27	18	43	47	22	10	8	29	40	44	37	52	41	38	43	27	35	24	36	5	29	18	6	76	123	82	105	105	95	85	88	113	87	105	103	104	141	115	91	116	117	115	107	120	121	71	96	91	72	118	134	137	94	84	110	88	116	114	121	102	78	90	87	109	72	125	90	105	71	88	117	83	93	113	78	78	73	98	70	72	71	131	90	122	74	118	91	115	95	80	
33	27	38	1	47	39	48	10	42	19	61	16	30	23	4	30	14	31	2	34	64	2	17	0	23	50	29	44	37	22	30	56	24	27	58	40	20	26	43	33	26	15	15	45	28	20	36	25	34	26	11	19	20	32	22	14	19	23	62	113	69	95	95	90	79	78	111	82	102	90	101	135	104	84	102	114	106	104	110	111	63	91	78	73	105	128	130	92	70	100	75	107	111	111	99	77	77	73	99	68	121	76	95	58	77	106	71	91	103	76	73	71	88	67	70	58	127	76	113	72	104	78	112	93	67	
35	12	33	24	46	34	47	15	24	23	43	27	32	27	19	11	24	13	22	16	68	21	24	23	0	34	10	25	19	7	33	37	41	31	39	38	8	31	25	29	30	26	9	31	30	19	38	23	16	29	14	21	3	14	26	10	6	27	54	102	60	84	84	74	64	66	93	66	84	82	83	120	93	70	94	96	94	86	99	99	50	75	70	54	97	113	116	73	62	88	67	95	93	100	81	59	69	65	88	51	104	68	84	50	67	95	62	72	92	57	57	52	77	48	52	50	110	68	101	53	96	70	94	75	59	
60	34	22	49	31	22	32	44	33	42	20	50	56	38	46	31	48	24	48	35	53	47	44	50	34	0	26	30	29	32	57	19	66	40	15	26	32	56	32	23	34	49	39	4	54	42	63	46	37	52	43	46	36	32	39	39	35	43	58	91	53	77	77	66	57	59	74	57	69	84	71	108	86	61	96	83	84	73	91	89	42	65	75	30	95	101	103	58	68	79	73	85	81	92	66	36	65	71	81	44	91	74	77	52	60	88	55	61	85	42	49	37	70	41	42	49	97	70	91	35	92	65	81	60	65	
36	8	37	30	51	38	52	21	14	32	32	36	33	35	25	5	25	12	28	9	72	27	33	29	10	26	0	16	9	13	34	27	50	38	29	44	15	33	15	34	37	34	15	23	30	18	40	23	12	29	20	23	12	6	34	16	15	36	45	92	51	75	75	65	55	57	83	57	75	72	74	111	84	61	85	87	85	77	90	90	40	66	60	43	88	104	106	64	53	79	58	86	84	91	72	49	60	56	79	41	95	59	75	40	58	86	52	63	83	48	47	43	67	39	42	41	100	59	92	44	87	61	85	65	50	
43	17	43	44	56	43	57	35	5	46	20	50	38	46	39	14	39	19	42	17	78	42	46	44	25	30	16	0	7	28	45	20	64	49	24	50	29	45	4	39	48	49	30	29	35	29	40	32	17	34	35	34	27	15	45	30	30	48	36	76	35	59	59	49	39	41	68	41	59	64	58	95	68	45	77	71	69	62	74	74	24	50	52	33	77	88	91	48	45	63	49	70	69	75	56	34	47	48	63	26	79	51	59	32	42	70	36	47	67	32	31	27	52	23	27	31	85	51	76	28	74	47	69	50	42	
41	10	41	37	55	42	56	29	5	40	25	44	35	43	33	8	33	18	35	11	77	35	41	37	19	29	9	7	0	21	39	20	58	46	24	49	23	39	6	38	45	43	23	28	32	23	40	28	12	31	28	28	21	9	42	24	23	44	40	83	42	66	66	56	46	48	74	48	66	68	65	102	75	52	81	78	76	68	81	81	31	57	56	37	83	95	97	55	49	70	53	77	75	82	63	40	54	52	70	32	86	55	66	36	49	77	43	54	74	39	38	34	58	30	33	36	91	55	83	35	81	54	76	56	46	
42	17	27	21	39	27	40	22	26	19	43	23	39	22	18	15	31	9	20	18	61	20	20	22	7	32	13	28	21	0	40	38	38	25	39	32	2	38	27	22	24	22	16	28	37	25	45	30	21	35	21	28	10	16	21	17	5	23	57	104	63	87	86	77	66	69	95	68	86	84	86	123	96	73	97	99	96	89	101	102	52	78	72	54	99	116	118	76	65	91	69	97	96	103	84	60	72	68	90	53	106	71	86	52	70	98	64	75	95	60	59	55	79	51	54	52	112	71	103	55	99	72	97	77	62	
2	29	66	31	77	67	78	27	40	49	64	46	19	53	34	32	20	41	32	36	94	32	47	30	33	57	34	45	39	40	0	59	42	57	62	70	41	8	41	62	56	45	24	55	17	19	6	20	36	15	23	12	30	34	52	23	38	53	56	107	63	88	89	83	73	71	104	76	96	79	94	128	98	78	92	107	100	98	104	105	57	85	67	76	94	121	124	90	60	93	64	100	104	105	92	75	66	63	92	62	115	66	88	51	70	100	64	86	97	73	66	68	81	63	66	51	121	66	107	69	94	67	105	89	56	
61	30	38	56	50	39	51	48	23	55	6	60	54	50	52	27	52	29	54	31	72	54	56	56	37	19	27	20	20	38	59	0	76	52	4	45	39	59	22	35	46	59	42	23	52	43	58	48	32	51	47	47	39	28	51	43	42	55	48	78	43	65	63	52	44	48	61	43	55	73	57	94	74	48	85	70	70	59	77	76	32	51	65	17	84	87	90	44	58	65	63	71	67	79	52	22	55	61	69	32	78	64	65	42	49	77	44	47	74	28	36	23	57	30	28	39	84	60	77	21	80	55	67	46	55	
44	47	54	23	60	55	61	33	62	31	81	23	44	35	26	50	26	47	24	55	68	24	29	24	41	66	50	64	58	38	42	76	0	33	78	52	37	36	63	47	38	24	38	62	42	38	48	40	54	40	34	32	39	53	34	37	35	29	80	131	87	113	113	108	97	96	129	100	120	108	119	153	122	102	120	132	124	122	128	129	81	109	96	93	123	145	148	112	88	118	93	125	129	129	117	97	95	91	116	86	139	94	113	76	95	124	88	110	121	96	91	91	106	87	90	76	145	94	131	92	122	96	130	113	85	
59	42	26	26	30	26	31	33	52	8	57	13	57	4	26	40	41	30	25	44	38	25	10	27	31	40	38	49	46	25	57	52	34	0	53	23	24	53	51	17	6	15	38	36	54	47	62	52	45	53	37	45	33	41	5	38	25	4	82	124	83	106	106	97	86	89	112	88	103	109	104	141	116	92	122	117	116	108	121	122	72	97	97	69	125	134	137	93	90	111	95	117	115	123	101	74	94	93	110	73	125	96	106	77	90	118	84	93	115	76	79	71	99	71	73	78	131	96	123	72	121	94	115	95	87	
64	33	37	58	46	37	47	49	27	55	5	62	58	51	54	30	54	31	56	33	68	56	57	58	39	15	29	24	24	39	62	4	78	53	0	41	41	61	26	36	47	61	44	19	56	45	62	50	36	55	49	50	41	31	52	45	44	56	49	77	44	64	62	51	43	47	60	42	54	72	56	93	73	47	84	68	69	58	76	75	34	50	66	16	83	86	89	43	60	64	65	70	66	78	51	21	56	62	68	31	77	66	64	44	48	76	45	46	73	27	35	22	56	29	27	41	83	61	76	20	79	56	66	45	57	
72	49	11	39	8	11	9	45	53	25	45	35	69	21	38	46	53	35	38	50	29	38	27	40	38	26	44	50	49	32	70	45	52	23	41	0	30	66	52	11	17	34	48	23	67	56	75	61	52	66	49	58	41	47	22	48	33	26	81	117	76	100	100	90	80	82	100	82	94	107	97	134	109	86	119	109	110	99	115	115	65	90	98	56	118	127	129	84	91	104	96	111	107	116	92	62	88	94	104	67	117	97	100	75	83	111	77	87	108	68	72	63	93	64	66	72	123	93	117	60	115	88	107	86	88	
43	19	26	19	38	26	39	23	28	18	45	21	41	20	17	17	32	10	19	20	60	18	18	20	8	32	15	29	23	2	41	39	37	24	41	30	0	39	29	21	23	20	18	28	38	26	46	31	22	37	22	29	11	18	19	18	4	22	58	106	64	88	88	78	68	71	97	70	88	86	87	124	97	74	98	100	98	91	103	103	54	79	74	56	101	117	120	77	66	92	71	99	97	104	85	62	73	69	92	55	108	72	88	54	71	99	66	76	96	61	61	56	81	53	56	54	114	72	105	57	100	74	98	79	63	
10	28	64	27	73	65	74	24	43	45	63	43	19	49	30	31	14	39	28	36	90	28	43	26	31	56	33	45	39	38	8	59	36	53	61	66	39	0	44	59	52	41	22	53	17	19	13	19	35	15	21	11	28	34	48	21	37	49	60	112	67	93	93	88	78	76	109	80	101	86	99	133	103	83	99	112	104	102	108	110	61	90	74	75	102	126	129	93	67	98	72	105	109	110	97	78	74	70	97	67	120	73	93	56	75	105	69	91	101	76	71	71	86	67	71	56	125	73	111	72	101	74	110	93	64	
39	16	44	43	58	45	58	35	1	46	24	50	34	47	39	14	39	20	42	13	79	41	47	43	25	32	15	4	6	27	41	22	63	51	26	52	29	44	0	41	49	49	29	30	32	25	36	28	14	30	34	33	27	15	46	30	29	49	36	80	39	63	63	53	43	45	72	45	63	64	62	99	72	49	76	75	73	65	78	78	28	54	52	37	79	92	95	52	44	67	49	74	72	79	60	38	51	47	66	29	83	50	63	31	46	74	40	51	71	36	35	31	55	27	31	32	89	50	80	32	78	51	73	53	41	
64	39	8	32	18	9	19	37	42	20	40	29	61	15	30	37	47	25	32	40	40	31	22	33	29	23	34	39	38	22	62	35	47	17	36	11	21	59	41	0	11	28	38	18	59	47	67	52	43	57	42	50	32	38	16	39	24	20	71	106	66	89	89	79	69	72	95	71	86	96	87	124	99	75	108	100	99	90	104	104	55	80	87	51	107	117	120	75	80	94	85	100	97	105	83	57	77	83	93	56	108	86	89	64	72	101	67	76	97	59	62	54	82	54	55	61	114	82	106	55	104	77	98	77	77	
59	41	20	25	25	21	26	32	50	8	52	18	56	4	25	39	40	29	25	43	39	24	10	26	30	34	37	48	45	24	56	46	38	6	47	17	23	52	49	11	0	18	37	30	54	46	62	51	45	52	37	45	32	41	5	38	25	9	81	118	77	101	100	91	81	83	106	83	97	107	99	136	110	87	120	111	110	102	115	116	66	91	96	63	119	129	131	87	89	105	94	111	109	117	95	69	89	92	104	67	119	95	101	75	84	112	78	88	109	71	73	66	93	65	67	73	125	94	117	67	116	89	110	89	86	
47	35	36	14	41	37	42	22	48	10	64	1	45	15	15	35	29	30	14	40	51	14	8	15	26	49	34	49	43	22	45	59	24	15	61	34	20	41	49	28	18	0	27	45	43	35	51	40	40	41	26	34	24	38	14	27	20	10	75	126	82	108	108	98	88	91	117	90	108	103	107	144	117	94	115	120	118	110	123	123	74	99	91	76	118	137	140	97	83	112	88	119	117	124	105	82	90	86	111	75	128	89	108	71	90	119	83	96	116	81	81	76	101	73	76	71	134	89	125	77	117	91	118	99	80	
26	13	43	16	55	43	56	6	28	30	47	29	24	34	13	16	15	19	15	21	75	15	29	15	9	39	15	30	23	16	24	42	38	38	44	48	18	22	29	38	37	27	0	36	22	12	29	17	20	20	5	13	7	18	33	1	15	34	53	104	60	86	86	79	69	69	97	71	89	81	88	125	95	75	93	101	97	91	101	102	54	80	69	59	96	118	120	78	61	90	66	98	98	102	86	63	68	64	89	55	108	67	86	49	68	97	61	77	94	62	61	57	79	53	56	49	114	67	104	58	95	69	99	79	58	
57	31	19	44	29	20	30	41	31	38	24	46	53	34	42	29	46	20	44	32	50	43	40	45	31	4	23	29	28	28	55	23	62	36	19	23	28	53	30	18	30	45	36	0	51	39	60	44	35	49	40	43	33	30	35	37	31	39	60	96	55	79	78	69	58	61	78	60	73	85	75	112	88	65	98	87	88	77	93	93	44	69	76	35	97	105	107	62	70	83	74	89	85	95	70	40	66	72	82	45	96	76	78	53	62	90	56	65	87	46	51	41	71	43	45	51	101	71	95	39	94	67	85	64	66	
18	24	63	29	75	64	76	25	31	46	56	44	2	51	32	27	19	38	29	27	92	30	44	28	30	54	30	35	32	37	17	52	42	54	56	67	38	17	32	59	54	43	22	51	0	14	15	8	25	2	20	11	27	29	50	21	36	50	47	99	54	80	80	75	64	63	96	67	87	75	86	120	89	70	87	99	91	89	95	96	48	76	63	68	90	113	115	80	55	85	60	92	96	97	84	66	62	58	84	54	106	62	80	43	62	91	56	78	88	64	58	59	73	54	58	43	112	61	98	60	89	63	97	80	52	
21	13	51	21	64	52	65	17	24	39	47	36	17	43	24	15	15	26	21	20	84	22	37	20	19	42	18	29	23	25	19	43	38	47	45	56	26	19	25	47	46	35	12	39	14	0	24	7	19	13	13	7	16	18	42	12	24	43	42	93	49	75	75	69	59	57	91	62	82	69	80	115	84	64	82	93	86	84	90	91	43	71	58	60	85	107	110	74	50	79	55	87	91	91	78	59	57	53	78	48	101	56	74	38	57	86	50	72	83	58	53	53	68	49	52	38	107	56	93	54	84	58	92	75	47	
3	34	71	37	83	72	83	33	35	54	60	52	17	59	40	37	25	46	37	35	99	37	52	36	38	63	40	40	40	45	6	58	48	62	62	75	46	13	36	67	62	51	29	60	15	24	0	20	33	14	28	17	35	37	58	29	44	58	51	102	57	83	83	78	68	66	99	71	91	74	89	123	93	73	86	102	94	92	98	100	52	80	62	72	89	116	119	85	54	88	59	95	99	100	87	70	61	58	87	57	110	61	83	46	65	95	59	81	92	68	61	63	76	58	61	46	116	60	101	64	89	62	100	84	51	
22	17	56	26	69	57	69	22	27	43	52	41	10	48	29	20	17	31	26	23	89	27	41	25	23	46	23	32	28	30	20	48	40	52	50	61	31	19	28	52	51	40	17	44	8	7	20	0	21	6	18	9	21	23	47	17	29	47	45	96	52	77	78	72	62	60	94	65	85	72	83	117	87	67	85	96	89	87	93	94	46	74	60	64	88	110	113	77	53	82	58	90	94	94	81	62	60	56	81	51	104	59	77	40	60	89	53	75	86	61	55	56	71	52	55	41	110	59	96	57	87	60	95	78	50	
36	7	47	34	60	48	61	25	13	38	37	41	27	42	29	6	29	22	32	5	81	32	38	34	16	37	12	17	12	21	36	32	54	45	36	52	22	35	14	43	45	40	20	35	25	19	33	21	0	24	25	24	18	7	41	20	20	42	39	90	45	71	71	64	53	54	82	55	74	66	73	110	81	59	79	86	82	76	86	88	39	65	54	49	81	103	105	63	47	76	51	83	83	88	71	48	54	50	75	40	93	53	71	34	53	83	47	62	79	47	46	42	64	38	41	34	99	53	89	43	81	54	84	64	43	
17	23	62	27	73	62	74	23	29	45	54	42	4	49	30	26	17	36	28	25	90	28	43	26	29	52	29	34	31	35	15	51	40	53	55	66	37	15	30	57	52	41	20	49	2	13	14	6	24	0	19	10	26	27	48	19	34	49	46	97	53	78	79	73	63	61	94	66	86	73	84	118	88	68	86	97	90	88	94	95	47	75	61	67	89	111	114	79	54	83	58	90	94	95	82	64	61	57	82	52	105	60	78	41	60	90	54	76	87	63	56	58	71	53	56	41	111	60	97	58	88	61	95	79	51	
25	18	46	12	57	47	58	5	33	29	52	27	23	34	12	20	11	24	12	25	75	12	27	11	14	43	20	35	28	21	23	47	34	37	49	49	22	21	34	42	37	26	5	40	20	13	28	18	25	19	0	11	11	23	33	5	20	33	55	106	62	87	88	82	72	70	102	75	93	82	93	127	97	77	95	106	99	96	103	104	56	84	70	64	98	120	123	83	63	92	68	100	103	104	90	68	70	66	91	60	113	69	87	50	70	99	63	82	96	67	65	61	81	58	61	51	119	69	106	62	97	70	104	84	60	
14	17	55	20	66	55	67	16	31	37	52	35	13	42	23	20	9	29	20	25	83	20	35	19	21	46	23	34	28	28	12	47	32	45	50	58	29	11	33	50	45	34	13	43	11	7	17	9	24	10	11	0	18	23	41	12	27	41	49	101	56	82	82	77	66	65	98	69	89	77	88	122	91	72	89	101	93	91	97	99	50	79	65	64	92	115	117	81	57	87	62	94	98	99	86	67	64	61	86	56	108	64	82	45	64	93	58	80	90	65	60	60	75	56	60	45	114	63	100	61	92	65	99	82	54	
32	12	36	21	49	37	50	12	26	25	45	25	30	29	16	13	21	16	19	18	70	19	24	20	3	36	12	27	21	10	30	39	39	33	41	41	11	28	27	32	32	24	7	33	27	16	35	21	18	26	11	18	0	16	28	7	9	29	52	103	59	84	85	76	66	67	95	68	86	79	85	122	94	72	92	98	96	88	100	101	52	77	67	56	95	115	118	75	60	89	65	96	95	101	83	61	67	63	88	53	106	66	84	47	67	96	60	74	93	59	59	54	77	50	54	47	112	66	103	55	94	67	96	77	57	
36	5	43	32	55	43	56	24	14	35	33	39	31	38	28	3	28	17	31	2	77	30	36	32	14	32	6	15	9	16	34	28	53	41	31	47	18	34	15	38	41	38	18	30	29	18	37	23	7	27	23	23	16	0	37	19	18	39	41	92	48	74	74	64	54	56	83	56	74	68	73	110	83	60	81	86	84	77	89	89	40	65	56	45	84	103	106	63	49	78	54	85	83	90	71	49	56	52	77	41	94	55	73	36	56	85	49	62	82	47	47	42	67	39	42	37	100	55	91	43	83	57	84	65	46	
54	37	25	21	30	25	31	28	47	3	56	15	52	1	21	36	36	26	21	39	43	20	5	22	26	39	34	45	42	21	52	51	34	5	52	22	19	48	46	16	5	14	33	35	50	42	58	47	41	48	33	41	28	37	0	34	21	6	77	121	80	104	104	94	84	86	111	86	102	105	103	140	113	90	117	116	114	106	119	119	69	95	93	68	120	133	135	92	85	108	90	115	113	120	100	73	92	89	108	70	123	92	104	73	87	115	81	92	112	75	76	70	96	68	71	73	129	91	121	71	119	92	114	94	82	
25	14	44	15	56	44	57	5	29	30	48	29	23	35	12	16	14	20	14	21	76	14	29	14	10	39	16	30	24	17	23	43	37	38	45	48	18	21	30	39	38	27	1	37	21	12	29	17	20	19	5	12	7	19	34	0	16	34	54	105	61	86	87	80	69	69	98	71	89	81	89	126	96	75	94	101	98	92	102	103	55	81	69	60	97	119	121	79	62	91	66	98	99	103	86	64	69	65	90	56	109	68	86	49	68	98	62	78	95	62	62	57	79	54	57	49	115	68	105	58	96	69	100	80	59	
40	17	28	18	41	29	42	20	28	18	47	21	38	22	16	16	29	14	17	21	62	17	18	19	6	35	15	30	23	5	38	42	35	25	44	33	4	37	29	24	25	20	15	31	36	24	44	29	20	34	20	27	9	18	21	16	0	22	59	106	65	89	88	79	69	71	97	71	89	86	88	125	98	75	99	101	99	91	103	104	54	80	74	59	102	118	120	78	67	93	72	100	98	105	86	63	74	70	92	55	108	73	89	54	72	100	66	77	97	62	61	57	81	53	56	54	114	73	105	58	101	74	99	79	64	
55	38	29	22	33	29	34	29	49	4	60	9	52	7	22	37	36	29	21	42	41	21	6	23	27	43	36	48	44	23	53	55	29	4	56	26	22	49	49	20	9	10	34	39	50	43	58	47	42	49	33	41	29	39	6	34	22	0	80	125	83	107	107	97	87	90	115	89	106	107	106	143	116	93	120	119	117	109	122	122	73	98	95	72	123	136	138	96	88	111	93	118	116	123	103	77	95	91	111	74	127	94	107	75	90	118	85	95	115	79	80	74	100	71	74	75	132	94	124	75	122	95	117	97	85	
54	45	74	63	87	74	88	58	35	76	46	76	49	78	63	43	57	55	63	39	109	64	76	62	54	58	45	36	40	57	56	48	80	82	49	81	58	60	36	71	81	75	53	60	47	42	51	45	39	46	55	49	52	41	77	54	59	80	0	55	9	35	38	32	22	21	56	28	48	39	46	77	44	27	52	59	49	49	50	53	16	36	27	53	53	70	73	43	20	41	24	49	56	52	44	34	21	23	39	19	66	26	35	9	17	46	14	38	43	33	21	33	29	26	23	9	71	26	56	35	48	21	57	41	17	
105	93	110	115	123	110	124	110	81	122	73	127	101	121	114	90	108	95	115	90	145	115	123	113	102	91	92	76	83	104	107	78	131	124	77	117	106	112	80	106	118	126	104	96	99	93	102	96	90	97	106	101	103	92	121	105	106	125	55	0	46	24	19	28	39	36	36	36	32	36	29	31	16	33	30	27	9	32	5	2	58	27	49	75	26	23	26	37	57	15	52	9	20	6	30	61	45	48	18	53	27	50	24	58	38	20	43	33	22	57	45	61	28	59	54	56	29	46	2	63	27	42	33	35	53	
61	52	69	70	82	69	83	65	40	81	41	83	56	81	70	49	63	54	70	46	104	71	82	69	60	53	51	35	42	63	63	43	87	83	44	76	64	67	39	66	77	82	60	55	54	49	57	52	45	53	62	56	59	48	80	61	65	83	9	46	0	26	29	23	13	12	47	19	39	30	37	68	35	18	43	50	40	40	41	44	13	27	21	48	44	61	64	34	20	32	23	40	47	43	35	29	12	17	30	14	57	23	26	14	8	37	7	29	34	28	16	28	20	21	18	11	62	17	47	31	39	12	48	31	17	
87	76	92	96	106	93	107	91	64	105	61	109	82	104	95	73	89	78	96	71	128	96	105	95	84	77	75	59	66	87	88	65	113	106	64	100	88	93	63	89	101	108	86	79	80	75	83	77	71	78	87	82	84	74	104	86	89	107	35	24	26	0	11	20	24	21	42	27	35	14	32	49	12	21	24	37	19	35	19	21	39	23	26	68	21	42	44	34	36	11	30	17	30	20	32	50	24	28	6	35	39	28	1	39	18	12	24	29	8	48	31	48	11	43	39	37	43	26	25	51	18	22	41	32	33	
87	76	92	96	106	93	107	91	64	105	59	109	82	104	96	73	89	78	96	72	128	97	105	95	84	77	75	59	66	86	89	63	113	106	62	100	88	93	63	89	100	108	86	78	80	75	83	78	71	79	88	82	85	74	104	87	88	107	38	19	29	11	0	12	22	17	34	20	27	25	24	42	13	16	34	30	13	27	17	17	39	16	32	64	31	35	37	26	39	5	35	13	23	18	25	48	27	31	11	35	32	33	12	40	21	20	24	22	19	46	29	47	9	43	39	37	37	28	20	49	28	25	34	24	36	
81	66	83	91	96	83	97	84	54	95	47	100	77	94	89	63	84	68	91	63	118	91	95	90	74	66	65	49	56	77	83	52	108	97	51	90	78	88	53	79	91	98	79	69	75	69	78	72	64	73	82	77	76	64	94	80	79	97	32	28	23	20	12	0	12	12	25	8	17	30	14	49	24	7	42	26	20	18	27	26	30	3	31	52	40	42	44	14	36	15	35	21	23	28	12	36	23	29	22	26	34	32	20	34	17	31	19	9	28	34	18	35	9	33	28	32	40	28	27	37	37	23	26	12	33	
71	56	72	80	86	73	87	74	44	85	40	89	67	84	78	53	74	58	81	53	108	81	85	79	64	57	55	39	46	66	73	44	97	86	43	80	68	78	43	69	81	88	69	58	64	59	68	62	53	63	72	66	66	54	84	69	69	87	22	39	13	24	22	12	0	5	36	6	27	32	25	61	32	7	44	38	32	29	37	37	20	16	27	47	42	53	56	22	30	26	29	33	35	39	23	28	17	23	28	15	46	28	24	24	7	36	9	17	32	27	8	27	15	23	19	21	52	22	39	29	39	17	37	20	27	
69	58	75	79	89	75	89	74	46	87	43	92	65	87	78	55	72	60	79	54	110	79	88	78	66	59	57	41	48	69	71	48	96	89	47	82	71	76	45	72	83	91	69	61	63	57	66	60	54	61	70	65	67	56	86	69	71	90	21	36	12	21	17	12	5	0	36	11	27	29	26	57	28	7	41	38	28	29	32	34	22	15	25	50	40	50	53	22	28	22	27	29	35	34	23	32	15	21	25	18	45	26	21	22	6	33	7	17	30	30	13	31	10	25	22	20	50	20	35	33	36	15	37	20	25	
103	84	96	111	106	97	106	103	73	113	56	118	98	110	107	82	105	86	109	82	127	109	113	111	93	74	83	68	74	95	104	61	129	112	60	100	97	109	72	95	106	117	97	78	96	91	99	94	82	94	102	98	95	83	111	98	97	115	56	36	47	42	34	25	36	36	0	30	9	52	10	41	40	30	62	15	30	7	41	37	51	21	53	47	59	34	36	20	60	32	56	31	16	42	16	42	47	52	42	46	19	54	42	55	40	48	43	21	46	39	38	47	30	50	44	53	30	50	35	46	56	46	8	21	57	
74	58	74	83	88	75	89	76	46	87	39	91	69	86	80	55	76	60	83	55	110	83	87	82	66	57	57	41	48	68	76	43	100	88	42	82	70	80	45	71	83	90	71	60	67	62	71	65	55	66	75	69	68	56	86	71	71	89	28	36	19	27	20	8	6	11	30	0	22	36	20	57	32	6	48	33	28	24	35	34	22	11	33	46	47	50	52	17	36	23	35	29	30	36	18	28	23	29	30	17	41	34	27	27	13	38	15	12	35	26	9	26	16	24	19	24	47	28	35	29	43	23	31	15	32	
94	76	89	103	100	90	101	94	64	104	50	109	90	101	98	73	97	78	101	73	122	101	105	102	84	69	75	59	66	86	96	55	120	103	54	94	88	101	63	86	97	108	89	73	87	82	91	85	74	86	93	89	86	74	102	89	89	106	48	32	39	35	27	17	27	27	9	22	0	46	4	39	34	22	56	15	24	5	35	32	42	14	46	48	53	32	35	11	51	26	50	25	13	37	7	34	38	44	36	37	23	48	35	47	32	42	34	12	40	30	30	38	24	41	35	44	29	43	30	39	50	38	13	11	48	
77	73	99	91	113	100	114	86	63	103	68	104	77	106	90	71	84	83	91	66	134	91	103	90	82	84	72	64	68	84	79	73	108	109	72	107	86	86	64	96	107	103	81	85	75	69	74	72	66	73	82	77	79	68	105	81	86	107	39	36	30	14	25	30	32	29	52	36	46	0	42	62	24	30	16	51	32	45	31	34	44	34	13	75	19	55	58	43	24	25	16	30	44	33	43	57	23	17	19	43	52	14	14	44	26	23	31	38	20	55	38	56	23	50	47	42	57	16	38	58	16	22	53	41	23	
92	75	90	102	102	91	103	93	63	104	53	108	88	102	98	72	95	77	100	72	124	100	104	101	83	71	74	58	65	86	94	57	119	104	56	97	87	99	62	87	99	107	88	75	86	80	89	83	73	84	93	88	85	73	103	89	88	106	46	29	37	32	24	14	25	26	10	20	4	42	0	37	30	20	52	13	20	3	32	29	41	11	43	51	50	30	33	13	49	22	46	22	10	33	6	37	37	42	32	36	21	44	31	45	30	38	33	11	37	33	28	40	20	39	34	43	27	40	27	42	46	36	11	13	46	
127	112	127	136	139	128	140	130	100	141	90	145	122	139	135	109	129	114	136	109	161	136	141	135	120	108	111	95	102	123	128	94	153	141	93	134	124	133	99	124	136	144	125	112	120	115	123	117	110	118	127	122	122	110	140	126	125	143	77	31	68	49	42	49	61	57	41	57	39	62	37	0	41	54	58	31	30	36	35	32	78	47	71	87	55	8	10	50	79	38	75	32	28	36	43	74	67	70	44	73	24	73	49	79	61	48	64	48	48	70	65	77	49	76	71	77	11	68	29	79	55	64	36	51	76	
96	85	102	105	115	102	116	100	73	114	69	118	92	114	105	82	99	87	105	81	137	106	115	104	93	86	84	68	75	96	98	74	122	116	73	109	97	103	72	99	110	117	95	88	89	84	93	87	81	88	97	91	94	83	113	96	98	116	44	16	35	12	13	24	32	28	40	32	34	24	30	41	0	26	24	32	11	33	11	14	48	23	36	72	21	34	37	34	46	9	40	10	25	12	31	58	34	37	6	45	32	37	12	49	27	9	34	29	9	54	40	57	17	52	49	46	36	35	17	59	19	31	38	32	43	
76	62	78	85	92	79	93	80	50	91	43	95	72	90	84	59	79	64	86	59	114	86	91	84	70	61	61	45	52	73	78	48	102	92	47	86	74	83	49	75	87	94	75	65	70	64	73	67	59	68	77	72	72	60	90	75	75	93	27	33	18	21	16	7	7	7	30	6	22	30	20	54	26	0	42	33	26	23	31	31	26	10	30	50	40	47	50	16	33	19	32	27	30	32	18	32	20	26	24	21	40	31	21	29	13	32	14	12	29	30	13	31	9	29	23	27	46	25	33	33	37	20	31	14	30	
90	85	112	103	125	112	126	99	76	116	81	116	90	118	103	83	97	96	104	79	147	104	116	102	94	96	85	77	81	97	92	85	120	122	84	119	98	99	76	108	120	115	93	98	87	82	86	85	79	86	95	89	92	81	117	94	99	120	52	30	43	24	34	42	44	41	62	48	56	16	52	58	24	42	0	54	33	55	25	29	56	45	26	87	3	51	54	55	37	31	29	32	47	26	53	69	36	30	24	55	54	27	24	57	38	16	44	50	17	68	51	68	34	62	59	54	57	29	31	70	8	36	60	53	36	
105	88	103	115	115	104	116	106	76	117	65	121	101	115	110	85	108	90	113	85	136	113	117	114	96	83	87	71	78	99	107	70	132	117	68	109	100	112	75	100	111	120	101	87	99	93	102	96	86	97	106	101	98	86	116	101	101	119	59	27	50	37	30	26	38	38	15	33	15	51	13	31	32	33	54	0	20	10	31	28	53	23	54	62	51	23	26	25	61	26	57	22	7	33	19	49	49	53	34	49	9	55	37	58	43	40	45	24	38	45	41	53	31	52	47	56	20	51	25	54	48	47	12	26	58	
98	86	102	107	115	103	116	102	74	115	66	119	93	114	107	83	100	88	107	83	137	108	115	106	94	84	85	69	76	96	100	70	124	116	69	110	98	104	73	99	110	118	97	88	91	86	94	89	82	90	99	93	96	84	114	98	99	117	49	9	40	19	13	20	32	28	30	28	24	32	20	30	11	26	33	20	0	23	12	9	50	19	43	66	31	23	26	29	50	9	46	2	13	13	21	52	38	42	14	45	20	44	19	51	32	19	35	25	18	48	37	53	20	51	46	48	25	39	7	55	27	36	26	28	47	
96	78	94	105	105	94	105	97	66	107	55	112	91	105	101	75	98	80	103	76	126	103	107	104	86	73	77	62	68	89	98	59	122	108	58	99	91	102	65	90	102	110	91	77	89	84	92	87	76	88	96	91	88	77	106	92	91	109	49	32	40	35	27	18	29	29	7	24	5	45	3	36	33	23	55	10	23	0	35	32	44	14	46	52	53	29	32	15	53	26	50	25	11	36	9	39	40	45	36	39	19	47	35	49	33	41	36	14	40	35	31	43	24	43	37	46	26	43	30	44	49	39	8	16	50	
102	91	108	111	121	108	122	106	79	120	73	124	97	119	111	88	104	93	111	87	143	112	120	110	99	91	90	74	81	102	104	77	128	122	76	115	103	108	78	104	116	123	101	94	95	90	98	93	86	94	103	97	100	89	119	102	104	122	50	5	41	19	17	27	38	33	41	35	35	31	32	35	11	31	25	31	12	35	0	5	54	26	44	75	22	28	30	37	52	12	47	10	25	1	33	61	40	43	13	51	31	45	19	55	33	15	39	32	18	57	44	60	23	58	53	52	33	41	7	62	22	37	37	35	49	
103	91	108	112	121	108	122	108	79	120	71	125	99	119	112	88	106	93	113	88	142	113	121	111	99	89	90	74	81	102	105	76	129	122	75	115	103	110	78	104	116	123	102	93	96	91	100	94	88	95	104	99	101	89	119	103	104	122	53	2	44	21	17	26	37	34	37	34	32	34	29	32	14	31	29	28	9	32	5	0	55	25	47	74	26	24	27	35	54	12	50	7	21	5	30	59	42	46	16	51	28	48	22	56	36	19	41	31	20	55	43	59	25	57	51	54	30	44	4	61	26	40	34	33	51	
55	41	58	64	72	58	72	59	29	70	30	75	50	70	64	39	58	44	64	39	93	65	71	63	50	42	40	24	31	52	57	32	81	72	34	65	54	61	28	55	66	74	54	44	48	43	52	46	39	47	56	50	52	40	69	55	54	73	16	58	13	39	39	30	20	22	51	22	42	44	41	78	48	26	56	53	50	44	54	55	0	31	35	38	57	71	73	37	29	44	34	51	51	56	38	24	25	31	43	7	61	35	39	9	21	50	15	32	47	22	13	21	32	10	11	7	67	30	57	22	53	25	52	35	26	
83	67	83	92	96	83	97	85	55	96	46	101	79	95	90	64	86	69	92	64	118	92	96	91	75	65	66	50	57	78	85	51	109	97	50	90	79	90	54	80	91	99	80	69	76	71	80	74	65	75	84	79	77	65	95	81	80	98	36	27	27	23	16	3	16	15	21	11	14	34	11	47	23	10	45	23	19	14	26	25	31	0	35	49	43	40	42	11	39	14	38	20	20	28	9	34	26	32	24	26	30	36	23	36	20	31	22	6	30	30	19	34	12	32	27	33	36	31	26	36	39	26	22	9	36	
65	61	90	79	104	91	105	74	51	91	62	92	65	94	78	59	72	71	79	54	125	79	91	78	70	75	60	52	56	72	67	65	96	97	66	98	74	74	52	87	96	91	69	76	63	58	62	60	54	61	70	65	67	56	93	69	74	95	27	49	21	26	32	31	27	25	53	33	46	13	43	71	36	30	26	54	43	46	44	47	35	35	0	69	29	64	67	43	12	35	5	43	51	45	43	51	12	6	31	35	61	1	26	35	21	34	22	38	32	49	33	50	23	42	39	32	66	5	50	52	27	12	54	41	11	
76	47	52	73	60	53	61	64	38	71	12	77	70	66	69	44	69	46	71	48	81	71	72	73	54	30	43	33	37	54	76	17	93	69	16	56	56	75	37	51	63	76	59	35	68	60	72	64	49	67	64	64	56	45	68	60	59	72	53	75	48	68	64	52	47	50	47	46	48	75	51	87	72	50	87	62	66	52	75	74	38	49	69	0	86	80	82	38	63	63	68	68	60	77	46	20	59	65	71	35	66	70	68	47	51	79	49	43	76	28	39	20	59	32	31	45	76	64	73	18	83	59	55	40	60	
93	88	111	106	124	111	125	101	78	119	79	119	92	121	106	86	99	96	106	82	146	107	118	105	97	95	88	77	83	99	94	84	123	125	83	118	101	102	79	107	119	118	96	97	90	85	89	88	81	89	98	92	95	84	120	97	102	123	53	26	44	21	31	40	42	40	59	47	53	19	50	55	21	40	3	51	31	53	22	26	57	43	29	86	0	47	50	53	39	28	32	29	44	23	51	68	39	33	21	54	51	30	21	57	36	13	42	49	14	66	49	67	32	61	58	55	54	32	28	69	4	38	57	51	39	
119	105	120	129	132	121	133	123	93	134	83	138	115	132	128	102	122	107	129	102	154	129	134	128	113	101	104	88	95	116	121	87	145	134	86	127	117	126	92	117	129	137	118	105	113	107	116	110	103	111	120	115	115	103	133	119	118	136	70	23	61	42	35	42	53	50	34	50	32	55	30	8	34	47	51	23	23	29	28	24	71	40	64	80	47	0	4	43	72	31	68	25	21	29	36	67	60	63	37	66	17	65	42	72	53	41	57	41	41	63	58	70	42	69	64	70	13	61	22	72	48	57	29	43	68	
122	107	123	131	135	123	136	126	96	136	85	141	118	135	130	105	125	109	132	105	156	132	137	130	116	103	106	91	97	118	124	90	148	137	89	129	120	129	95	120	131	140	120	107	115	110	119	113	105	114	123	117	118	106	135	121	120	138	73	26	64	44	37	44	56	53	36	52	35	58	33	10	37	50	54	26	26	32	30	27	73	42	67	82	50	4	0	45	74	33	70	28	24	32	38	69	62	66	39	68	19	68	44	75	56	44	60	44	44	65	60	73	44	72	67	72	15	64	24	74	51	60	32	46	71	
88	65	79	92	89	79	90	83	53	94	40	99	83	90	88	62	88	67	90	63	111	90	94	92	73	58	64	48	55	76	90	44	112	93	43	84	77	93	52	75	87	97	78	62	80	74	85	77	63	79	83	81	75	63	92	79	78	96	43	37	34	34	26	14	22	22	20	17	11	43	13	50	34	16	55	25	29	15	37	35	37	11	43	38	53	43	45	0	46	25	45	30	23	38	8	24	33	39	35	30	34	44	34	42	27	42	29	5	41	20	24	27	22	32	26	39	39	38	35	29	50	33	23	2	43	
58	53	83	71	97	84	98	66	44	84	57	84	58	86	71	51	65	64	71	47	119	72	84	70	62	68	53	45	49	65	60	58	88	90	60	91	66	67	44	80	89	83	61	70	55	50	54	53	47	54	63	57	60	49	85	62	67	88	20	57	20	36	39	36	30	28	60	36	51	24	49	79	46	33	37	61	50	53	52	54	29	39	12	63	39	72	74	46	0	43	9	50	58	53	47	45	14	10	40	30	68	11	36	28	24	46	25	41	44	44	32	44	31	37	34	27	73	13	57	46	39	15	61	44	3	
91	80	97	101	110	97	111	96	68	109	61	114	87	109	100	77	94	82	101	76	132	101	110	100	88	79	79	63	70	91	93	65	118	111	64	104	92	98	67	94	105	112	90	83	85	79	88	82	76	83	92	87	89	78	108	91	93	111	41	15	32	11	5	15	26	22	32	23	26	25	22	38	9	19	31	26	9	26	12	12	44	14	35	63	28	31	33	25	43	0	38	8	19	13	23	49	31	34	10	40	28	36	11	44	24	17	29	20	16	45	32	48	14	46	41	42	33	32	16	50	25	28	31	23	39	
63	58	88	76	102	89	103	71	48	89	61	89	62	91	76	56	69	68	76	51	123	77	88	75	67	73	58	49	53	69	64	63	93	95	65	96	71	72	49	85	94	88	66	74	60	55	59	58	51	58	68	62	65	54	90	66	72	93	24	52	23	30	35	35	29	27	56	35	50	16	46	75	40	32	29	57	46	50	47	50	34	38	5	68	32	68	70	45	9	38	0	46	54	49	46	50	12	6	35	35	64	4	30	33	22	38	24	40	36	48	35	49	27	41	39	32	69	7	53	51	31	12	57	43	9	
99	87	103	108	116	104	117	103	75	116	67	120	94	115	108	84	101	89	108	83	138	109	116	107	95	85	86	70	77	97	100	71	125	117	70	111	99	105	74	100	111	119	98	89	92	87	95	90	83	90	100	94	96	85	115	98	100	118	49	9	40	17	13	21	33	29	31	29	25	30	22	32	10	27	32	22	2	25	10	7	51	20	43	68	29	25	28	30	50	8	46	0	15	12	23	54	38	42	12	46	22	44	17	51	32	18	36	26	16	50	38	54	21	52	47	49	27	40	9	56	25	36	28	29	47	
103	85	100	112	113	101	113	103	73	114	63	119	98	112	108	82	105	87	110	83	134	110	114	111	93	81	84	69	75	96	104	67	129	115	66	107	97	109	72	97	109	117	98	85	96	91	99	94	83	94	103	98	95	83	113	99	98	116	56	20	47	30	23	23	35	35	16	30	13	44	10	28	25	30	47	7	13	11	25	21	51	20	51	60	44	21	24	23	58	19	54	15	0	26	16	47	46	50	27	46	13	52	30	56	40	33	42	21	31	43	38	51	28	50	44	53	18	48	19	52	41	44	13	24	55	
103	93	109	113	123	110	124	108	81	121	74	126	99	121	112	90	106	95	113	88	144	113	122	112	101	92	92	76	83	103	105	79	129	123	78	117	105	110	79	106	117	124	102	95	97	91	100	94	88	95	104	99	101	90	121	103	105	124	52	6	43	20	18	28	39	35	42	36	37	33	33	36	12	33	26	33	13	36	1	5	56	28	45	77	23	29	32	38	53	13	49	12	26	0	34	62	41	45	15	52	33	47	20	56	35	16	41	34	18	58	45	62	25	60	54	54	34	42	7	64	23	39	39	36	50	
90	73	87	100	97	87	98	91	61	102	48	106	86	98	95	70	93	75	98	70	119	98	102	99	81	66	72	56	63	84	92	52	117	101	51	92	85	97	60	83	95	105	86	70	84	78	87	81	71	82	90	86	83	71	100	86	86	103	44	30	35	32	25	12	23	23	16	18	7	43	6	43	31	18	53	19	21	9	33	30	38	9	43	46	51	36	38	8	47	23	46	23	16	34	0	32	35	40	33	34	26	45	32	43	28	39	31	9	38	28	26	35	21	37	32	41	32	40	28	37	47	35	17	9	44	
73	50	58	77	68	59	68	69	39	77	18	83	68	72	73	48	73	51	76	48	89	75	78	77	59	36	49	34	40	60	75	22	97	74	21	62	62	78	38	57	69	82	63	40	66	59	70	62	48	64	68	67	61	49	73	64	63	77	34	61	29	50	48	36	28	32	42	28	34	57	37	74	58	32	69	49	52	39	61	59	24	34	51	20	68	67	69	24	45	49	50	54	47	62	32	0	41	47	53	17	57	52	49	30	33	61	31	28	58	10	20	8	41	18	13	28	63	46	59	7	65	41	47	26	42	
65	60	80	78	94	81	95	73	51	91	52	91	64	92	78	58	72	66	78	54	116	79	90	77	69	65	60	47	54	72	66	55	95	94	56	88	73	74	51	77	89	90	68	66	62	57	61	60	54	61	70	64	67	56	92	69	74	95	21	45	12	24	27	23	17	15	47	23	38	23	37	67	34	20	36	49	38	40	40	42	25	26	12	59	39	60	62	33	14	31	12	38	46	41	35	41	0	6	28	26	57	13	24	25	11	36	12	29	33	40	24	40	19	33	30	23	61	8	45	42	36	3	48	31	11	
61	57	86	74	100	87	101	70	47	87	58	88	61	89	74	54	68	67	75	50	121	75	87	73	65	71	56	48	52	68	63	61	91	93	62	94	69	70	47	83	92	86	64	72	58	53	58	56	50	57	66	61	63	52	89	65	70	91	23	48	17	28	31	29	23	21	52	29	44	17	42	70	37	26	30	53	42	45	43	46	31	32	6	65	33	63	66	39	10	34	6	42	50	45	40	47	6	0	32	31	60	7	28	31	17	39	18	34	36	45	29	46	22	38	36	29	65	3	49	48	32	6	53	37	7	
90	80	96	100	110	97	111	95	68	108	65	113	86	108	99	77	93	82	100	75	131	100	109	99	88	81	79	63	70	90	92	69	116	110	68	104	92	97	66	93	104	111	89	82	84	78	87	81	75	82	91	86	88	77	108	90	92	111	39	18	30	6	11	22	28	25	42	30	36	19	32	44	6	24	24	34	14	36	13	16	43	24	31	71	21	37	39	35	40	10	35	12	27	15	33	53	28	32	0	39	34	32	6	43	22	10	28	30	8	52	35	52	14	47	43	41	39	29	20	54	18	26	40	33	37	
60	42	59	69	73	60	73	61	30	71	28	76	56	71	65	40	63	45	68	40	94	67	72	68	51	44	41	26	32	53	62	32	86	73	31	67	55	67	29	56	67	75	55	45	54	48	57	51	40	52	60	56	53	41	70	56	55	74	19	53	14	35	35	26	15	18	46	17	37	43	36	73	45	21	55	49	45	39	50	51	7	26	35	35	54	66	68	30	30	40	35	46	46	52	34	17	26	31	39	0	56	36	35	15	19	47	15	27	44	16	8	16	28	9	4	13	62	31	52	18	50	26	47	29	27	
113	96	111	122	123	111	124	114	84	124	73	129	109	123	118	93	116	98	121	93	145	120	125	121	104	91	95	79	86	106	115	78	139	125	77	117	108	120	83	108	119	128	108	96	106	101	110	104	93	105	113	108	106	94	123	109	108	127	66	27	57	39	32	34	46	45	19	41	23	52	21	24	32	40	54	9	20	19	31	28	61	30	61	66	51	17	19	34	68	28	64	22	13	33	26	57	57	60	34	56	0	62	39	66	50	40	53	32	38	53	49	61	38	60	55	63	13	58	25	62	48	54	13	34	65	
64	60	90	77	103	90	104	73	50	90	63	91	64	93	77	57	71	70	78	53	125	78	90	76	68	74	59	51	55	71	66	64	94	96	66	97	72	73	50	86	95	89	67	76	62	56	61	59	53	60	69	64	66	55	92	68	73	94	26	50	23	28	33	32	28	26	54	34	48	14	44	73	37	31	27	55	44	47	45	48	35	36	1	70	30	65	68	44	11	36	4	44	52	47	45	52	13	7	32	36	62	0	28	34	22	36	23	40	34	50	35	50	24	43	40	33	67	6	51	53	28	13	55	42	10	
86	76	92	96	106	93	107	91	64	105	61	109	82	104	95	73	89	78	96	71	128	96	105	95	84	77	75	59	66	86	88	65	113	106	64	100	88	93	63	89	101	108	86	78	80	74	83	77	71	78	87	82	84	73	104	86	89	107	35	24	26	1	12	20	24	21	42	27	35	14	31	49	12	21	24	37	19	35	19	22	39	23	26	68	21	42	44	34	36	11	30	17	30	20	32	49	24	28	6	35	39	28	0	39	18	12	24	29	8	48	31	48	11	43	39	37	43	26	25	50	18	22	42	32	33	
49	41	67	59	81	68	82	54	31	71	39	72	45	74	58	39	52	51	59	34	102	59	71	58	50	52	40	32	36	52	51	42	76	77	44	75	54	56	31	64	75	71	49	53	43	38	46	40	34	41	50	45	47	36	73	49	54	75	9	58	14	39	40	34	24	22	55	27	47	44	45	79	49	29	57	58	51	49	55	56	9	36	35	47	57	72	75	42	28	44	33	51	56	56	43	30	25	31	43	15	66	34	39	0	22	51	15	37	48	29	17	29	32	19	19	2	72	30	58	31	53	25	56	40	25	
69	59	76	78	89	76	90	73	47	88	44	91	64	87	78	56	71	61	78	53	111	79	88	77	67	60	58	42	49	70	70	49	95	90	48	83	71	75	46	72	84	90	68	62	62	57	65	60	53	60	70	64	67	56	87	68	72	90	17	38	8	18	21	17	7	6	40	13	32	26	30	61	27	13	38	43	32	33	33	36	21	20	21	51	36	53	56	27	24	24	22	32	40	35	28	33	11	17	22	19	50	22	18	22	0	29	7	22	26	31	14	32	12	26	23	19	55	16	39	34	33	11	41	25	20	
98	87	104	107	117	104	118	102	75	116	72	120	93	116	107	84	101	89	107	83	139	108	117	106	95	88	86	70	77	98	100	77	124	118	76	111	99	105	74	101	112	119	97	90	91	86	95	89	83	90	99	93	96	85	115	98	100	118	46	20	37	12	20	31	36	33	48	38	42	23	38	48	9	32	16	40	19	41	15	19	50	31	34	79	13	41	44	42	46	17	38	18	33	16	39	61	36	39	10	47	40	36	12	51	29	0	36	37	3	59	42	60	23	54	51	48	44	37	21	62	10	33	46	40	45	
62	53	70	72	84	70	84	67	41	82	42	85	58	82	71	51	65	56	72	47	105	72	83	71	62	55	52	36	43	64	64	44	88	84	45	77	66	69	40	67	78	83	61	56	56	50	59	53	47	54	63	58	60	49	81	62	66	85	14	43	7	24	24	19	9	7	43	15	34	31	33	64	34	14	44	45	35	36	39	41	15	22	22	49	42	57	60	29	25	29	24	36	42	41	31	31	12	18	28	15	53	23	24	15	7	36	0	25	33	29	15	30	17	22	19	13	57	17	42	32	39	12	44	27	22	
84	64	79	91	92	80	93	82	52	93	43	97	80	91	87	61	86	66	89	61	114	89	93	91	72	61	63	47	54	75	86	47	110	93	46	87	76	91	51	76	88	96	77	65	78	72	81	75	62	76	82	80	74	62	92	78	77	95	38	33	29	29	22	9	17	17	21	12	12	38	11	48	29	12	50	24	25	14	32	31	32	6	38	43	49	41	44	5	41	20	40	26	21	34	9	28	29	34	30	27	32	40	29	37	22	37	25	0	36	24	20	31	18	28	23	35	37	34	32	33	45	29	22	2	38	
95	84	101	104	114	101	115	99	72	113	69	117	90	113	104	81	97	86	104	80	136	105	113	103	92	85	83	67	74	95	97	74	121	115	73	108	96	101	71	97	109	116	94	87	88	83	92	86	79	87	96	90	93	82	112	95	97	115	43	22	34	8	19	28	32	30	46	35	40	20	37	48	9	29	17	38	18	40	18	20	47	30	32	76	14	41	44	41	44	16	36	16	31	18	38	58	33	36	8	44	38	34	8	48	26	3	33	36	0	56	39	57	20	51	48	45	43	34	24	59	11	30	44	39	42	
72	49	62	76	73	63	74	67	37	78	24	82	66	74	71	46	71	51	74	46	95	74	78	76	57	42	48	32	39	60	73	28	96	76	27	68	61	76	36	59	71	81	62	46	64	58	68	61	47	63	67	65	59	47	75	62	62	79	33	57	28	48	46	34	27	30	39	26	30	55	33	70	54	30	68	45	48	35	57	55	22	30	49	28	66	63	65	20	44	45	48	50	43	58	28	10	40	45	52	16	53	50	48	29	31	59	29	24	56	0	19	11	40	17	12	26	59	44	55	13	63	40	43	22	41	
65	48	65	74	79	65	79	67	36	77	32	82	60	77	71	46	67	51	73	46	100	73	78	73	57	49	47	31	38	59	66	36	91	79	35	72	61	71	35	62	73	81	61	51	58	53	61	55	46	56	65	60	59	47	76	62	61	80	21	45	16	31	29	18	8	13	38	9	30	38	28	65	40	13	51	41	37	31	44	43	13	19	33	39	49	58	60	24	32	32	35	38	38	45	26	20	24	29	35	8	49	35	31	17	14	42	15	20	39	19	0	19	23	15	12	15	54	29	44	22	46	24	39	22	28	
67	44	57	71	68	58	69	62	32	72	18	77	61	69	66	41	66	46	69	41	90	69	73	71	52	37	43	27	34	55	68	23	91	71	22	63	56	71	31	54	66	76	57	41	59	53	63	56	42	58	61	60	54	42	70	57	57	74	33	61	28	48	47	35	27	31	47	26	38	56	40	77	57	31	68	53	53	43	60	59	21	34	50	20	67	70	73	27	44	48	49	54	51	62	35	8	40	46	52	16	61	50	48	29	32	60	30	31	57	11	19	0	40	15	12	27	67	45	60	2	64	40	51	29	41	
80	68	85	89	99	86	100	84	56	97	53	102	75	97	88	66	82	71	89	64	120	90	98	88	77	70	67	52	58	79	81	57	106	99	56	93	81	86	55	82	93	101	79	71	73	68	76	71	64	71	81	75	77	67	96	79	81	100	29	28	20	11	9	9	15	10	30	16	24	23	20	49	17	9	34	31	20	24	23	25	32	12	23	59	32	42	44	22	31	14	27	21	28	25	21	41	19	22	14	28	38	24	11	32	12	23	17	18	20	40	23	40	0	35	32	30	43	20	27	42	29	16	31	20	28	
61	40	57	67	71	57	71	59	28	69	25	74	57	69	63	37	63	42	65	38	92	65	70	67	48	41	39	23	30	51	63	30	87	71	29	64	53	67	27	54	65	73	53	43	54	49	58	52	38	53	58	56	50	39	68	54	53	71	26	59	21	43	43	33	23	25	50	24	41	50	39	76	52	29	62	52	51	43	58	57	10	32	42	32	61	69	72	32	37	46	41	52	50	59	37	18	33	38	47	9	60	43	43	19	26	54	22	28	51	17	15	15	35	0	8	17	66	38	58	17	58	33	51	31	34	
64	43	59	70	72	59	73	62	32	72	24	77	60	70	66	41	66	45	68	41	94	68	72	70	52	42	42	27	33	54	66	28	90	73	27	66	56	71	31	55	67	76	56	45	58	52	61	55	41	56	61	60	54	42	71	57	56	74	23	54	18	39	39	28	19	22	44	19	35	47	34	71	49	23	59	47	46	37	53	51	11	27	39	31	58	64	67	26	34	41	39	47	44	54	32	13	30	36	43	4	55	40	39	19	23	51	19	23	48	12	12	12	32	8	0	17	61	35	53	14	54	30	45	26	31	
50	41	65	59	78	65	79	54	31	72	37	72	45	74	59	39	52	50	59	34	100	60	71	58	50	49	41	31	36	52	51	39	76	78	41	72	54	56	32	61	73	71	49	51	43	38	46	41	34	41	51	45	47	37	73	49	54	75	9	56	11	37	37	32	21	20	53	24	44	42	43	77	46	27	54	56	48	46	52	54	7	33	32	45	55	70	72	39	27	42	32	49	53	54	41	28	23	29	41	13	63	33	37	2	19	48	13	35	45	26	15	27	30	17	17	0	69	28	55	29	50	23	54	37	24	
119	101	117	128	129	117	130	120	90	130	79	135	114	129	124	99	122	103	127	99	150	126	131	127	110	97	100	85	91	112	121	84	145	131	83	123	114	125	89	114	125	134	114	101	112	107	116	110	99	111	119	114	112	100	129	115	114	132	71	29	62	43	37	40	52	50	30	47	29	57	27	11	36	46	57	20	25	26	33	30	67	36	66	76	54	13	15	39	73	33	69	27	18	34	32	63	61	65	39	62	13	67	43	72	55	44	57	37	43	59	54	67	43	66	61	69	0	63	27	68	52	59	26	40	70	
64	59	85	77	99	86	100	73	50	90	57	90	64	92	77	57	71	70	78	53	121	78	90	76	68	70	59	51	55	71	66	60	94	96	61	93	72	73	50	82	94	89	67	71	61	56	60	59	53	60	69	63	66	55	91	68	73	94	26	46	17	26	28	28	22	20	50	28	43	16	40	68	35	25	29	51	39	43	41	44	30	31	5	64	32	61	64	38	13	32	7	40	48	42	40	46	8	3	29	31	58	6	26	30	16	37	17	34	34	44	29	45	20	38	35	28	63	0	46	47	30	7	51	36	10	
105	93	109	114	122	110	123	109	81	121	73	126	100	121	114	90	107	95	114	89	144	115	122	113	101	91	92	76	83	103	107	77	131	123	76	117	105	111	80	106	117	125	104	95	98	93	101	96	89	97	106	100	103	91	121	105	105	124	56	2	47	25	20	27	39	35	35	35	30	38	27	29	17	33	31	25	7	30	7	4	57	26	50	73	28	22	24	35	57	16	53	9	19	7	28	59	45	49	20	52	25	51	25	58	39	21	42	32	24	55	44	60	27	58	53	55	27	46	0	62	28	43	31	35	54	
68	45	56	72	66	57	67	63	33	73	16	78	62	70	67	42	67	47	70	42	88	70	74	72	53	35	44	28	35	55	69	21	92	72	20	60	57	72	32	55	67	77	58	39	60	54	64	57	43	58	62	61	55	43	71	58	58	75	35	63	31	51	49	37	29	33	46	29	39	58	42	79	59	33	70	54	55	44	62	61	22	36	52	18	69	72	74	29	46	50	51	56	52	64	37	7	42	48	54	18	62	53	50	31	34	62	32	33	59	13	22	2	42	17	14	29	68	47	62	0	66	42	52	31	43	
92	88	107	105	121	108	122	101	78	118	76	119	92	119	105	85	99	93	106	81	143	106	118	104	96	92	87	74	81	99	94	80	122	121	79	115	100	101	78	104	116	117	95	94	89	84	89	87	81	88	97	92	94	83	119	96	101	122	48	27	39	18	28	37	39	36	56	43	50	16	46	55	19	37	8	48	27	49	22	26	53	39	27	83	4	48	51	50	39	25	31	25	41	23	47	65	36	32	18	50	48	28	18	53	33	10	39	45	11	63	46	64	29	58	54	50	52	30	28	66	0	34	54	48	38	
65	61	80	79	94	81	95	74	51	91	53	92	65	92	78	59	72	66	79	54	116	79	91	78	70	65	61	47	54	72	67	55	96	94	56	88	74	74	51	77	89	91	69	67	63	58	62	60	54	61	70	65	67	57	92	69	74	95	21	42	12	22	25	23	17	15	46	23	38	22	36	64	31	20	36	47	36	39	37	40	25	26	12	59	38	57	60	33	15	28	12	36	44	39	35	41	3	6	26	26	54	13	22	25	11	33	12	29	30	40	24	40	16	33	30	23	59	7	43	42	34	0	47	31	12	
104	86	101	113	112	102	113	104	74	115	63	120	99	113	109	83	106	88	111	84	134	111	115	112	94	81	85	69	76	97	105	67	130	115	66	107	98	110	73	98	110	118	99	85	97	92	100	95	84	95	104	99	96	84	114	100	99	117	57	33	48	41	34	26	37	37	8	31	13	53	11	36	38	31	60	12	26	8	37	34	52	22	54	55	57	29	32	23	61	31	57	28	13	39	17	47	48	53	40	47	13	55	42	56	41	46	44	22	44	43	39	51	31	51	45	54	26	51	31	52	54	47	0	24	58	
87	66	81	93	91	81	92	85	55	95	42	100	82	92	89	64	89	68	91	64	113	91	95	93	75	60	65	50	56	77	89	46	113	95	45	86	79	93	53	77	89	99	79	64	80	75	84	78	64	79	84	82	77	65	94	80	79	97	41	35	31	32	24	12	20	20	21	15	11	41	13	51	32	14	53	26	28	16	35	33	35	9	41	40	51	43	46	2	44	23	43	29	24	36	9	26	31	37	33	29	34	42	32	40	25	40	27	2	39	22	22	29	20	31	26	37	40	36	35	31	48	31	24	0	41	
55	50	80	68	94	81	95	63	41	81	54	81	54	83	68	48	61	61	68	44	116	69	80	67	59	65	50	42	46	62	56	55	85	87	57	88	63	64	41	77	86	80	58	66	52	47	51	50	43	51	60	54	57	46	82	59	64	85	17	53	17	33	36	33	27	25	57	32	48	23	46	76	43	30	36	58	47	50	49	51	26	36	11	60	39	68	71	43	3	39	9	47	55	50	44	42	11	7	37	27	65	10	33	25	20	45	22	38	42	41	28	41	28	34	31	24	70	10	54	43	38	12	58	41	0	
