0	27	56	57	18	15	34	35	36	27	38	3	22	18	25	8	78	25	35	27	12	34	8	17	10	17	30	47	42	33	49	28	16	39	41	35	13	31	24	13	34	17	7	23	18	17	37	14	38	45	93	52	56	58	84	58	76	73	75	112	85	62	86	78	91	41	67	61	47	88	105	107	65	53	80	58	85	92	73	50	57	80	42	60	76	59	64	49	48	44	68	43	41	101	59	93	45	88	61	66	
27	0	46	47	10	42	18	62	15	31	22	30	15	30	2	35	63	2	16	1	24	49	30	44	37	21	56	23	26	58	39	27	43	32	25	14	16	44	29	21	37	26	34	27	12	20	21	15	22	63	115	70	80	79	111	83	103	91	102	136	105	85	107	105	112	64	92	79	73	106	129	131	92	71	101	76	112	112	100	77	74	100	69	77	96	78	91	76	74	71	89	70	59	128	77	114	72	105	79	93	
56	46	0	1	53	59	33	51	42	77	29	54	61	41	46	57	27	45	35	47	46	31	51	56	55	39	50	60	30	46	8	73	58	18	25	41	55	29	75	64	83	69	60	73	57	66	30	56	33	87	123	82	86	89	106	88	100	113	102	139	115	92	115	105	121	72	96	104	60	124	132	135	89	97	110	102	113	122	97	68	100	110	73	103	106	89	92	73	79	68	99	72	78	129	99	122	66	121	94	91	
57	47	1	0	53	59	34	52	43	78	29	55	62	42	46	58	28	46	36	48	47	32	52	57	56	40	51	61	31	47	9	74	58	19	26	42	56	30	76	65	83	69	61	74	58	67	31	57	34	88	124	83	87	89	106	89	101	114	103	140	116	93	116	105	122	72	97	105	61	125	133	136	90	98	111	103	113	123	98	68	101	111	73	104	107	90	93	74	79	69	100	73	79	130	100	123	67	122	95	92	
18	10	53	53	0	34	25	53	23	27	29	21	11	25	9	26	71	9	23	10	15	44	21	35	29	22	48	33	33	49	45	24	35	37	32	22	6	41	25	17	33	22	25	23	5	16	28	5	29	58	110	65	74	74	103	76	94	86	93	130	100	80	102	97	108	59	85	74	64	101	123	126	83	66	96	71	103	108	91	69	70	95	61	73	91	73	82	67	67	62	84	62	54	120	73	109	63	101	74	85	
15	42	59	59	34	0	45	25	49	33	48	13	38	21	41	12	80	40	46	42	24	33	14	5	5	26	23	62	52	27	53	43	1	42	50	48	28	31	31	24	35	27	13	29	33	31	47	29	49	35	81	40	44	46	73	46	64	63	63	100	73	50	74	66	79	29	55	51	38	78	93	96	53	44	68	48	73	80	61	39	47	68	30	50	64	47	52	37	36	32	56	32	31	90	50	81	33	78	51	55	
34	18	33	34	25	45	0	60	11	48	5	33	32	27	17	38	46	17	2	19	23	42	32	46	40	19	55	31	8	55	25	45	46	20	8	10	30	38	46	39	54	43	38	45	29	37	3	30	4	76	122	81	85	87	113	87	104	103	104	141	114	91	115	107	120	70	96	91	71	119	134	136	94	84	109	89	114	121	102	77	87	108	71	90	105	88	93	78	77	72	97	72	72	130	90	121	73	118	91	95	
35	62	51	52	53	25	60	0	66	58	55	32	57	34	60	35	73	59	61	61	43	20	32	20	25	43	6	81	57	5	45	63	24	40	52	64	47	24	56	47	60	52	37	54	52	52	56	48	60	46	73	41	40	43	56	39	50	68	53	90	69	43	66	55	71	30	46	62	12	79	83	85	40	57	61	61	63	74	48	18	58	65	28	63	61	44	43	24	32	18	53	24	37	79	57	73	16	76	53	42	
36	15	42	43	23	49	11	66	0	46	16	37	30	32	15	41	50	15	9	16	27	50	36	50	44	23	60	23	13	62	35	43	50	29	18	1	29	46	44	36	52	41	41	42	27	35	15	29	9	76	127	83	89	92	118	91	109	104	108	145	118	95	119	112	125	75	101	92	77	119	138	141	99	84	114	89	119	126	106	83	88	113	76	91	109	91	97	82	82	77	102	77	72	135	90	126	78	119	92	100	
27	31	77	78	27	33	48	58	46	0	53	30	21	40	31	29	94	32	46	30	32	56	33	38	35	39	54	44	57	58	69	19	34	61	56	45	24	53	2	17	17	10	27	4	23	13	52	23	52	49	101	56	67	65	98	69	90	77	88	122	92	72	93	91	99	50	79	65	70	92	115	118	83	58	87	62	98	99	86	68	61	86	56	64	82	64	80	66	60	61	75	60	45	114	64	100	62	92	65	82	
38	22	29	29	29	48	5	55	16	53	0	37	37	27	22	40	42	21	7	23	27	38	35	46	43	22	50	35	4	51	21	49	47	15	4	15	34	34	51	43	59	48	42	49	34	42	1	35	7	78	121	81	84	87	110	86	101	106	102	139	114	90	114	105	119	70	95	94	66	121	132	135	90	86	109	91	112	120	98	72	89	108	71	93	104	87	91	74	77	69	97	70	74	129	92	121	70	119	92	92	
3	30	54	55	21	13	33	32	37	30	37	0	25	16	28	5	76	28	34	30	11	31	5	14	8	15	27	50	40	30	46	31	14	37	39	35	16	29	27	15	37	20	6	26	20	20	36	16	37	43	90	49	53	55	82	55	73	71	72	109	82	59	83	75	88	39	64	59	44	86	102	105	62	51	77	56	82	89	70	48	54	77	40	57	73	56	61	46	46	41	66	41	39	99	57	90	42	85	59	64	
22	15	61	62	11	38	32	57	30	21	37	25	0	32	15	30	78	16	30	14	24	48	25	39	33	31	52	26	41	54	53	14	39	47	40	29	15	46	19	15	25	17	29	17	11	9	36	14	36	57	108	63	74	72	105	76	97	84	95	129	99	79	100	98	106	58	86	72	69	99	122	125	88	65	94	69	105	106	93	73	68	93	63	71	89	71	86	71	67	66	82	66	52	122	71	107	67	99	72	89	
18	30	41	42	25	21	27	34	32	40	27	16	32	0	29	20	63	29	27	31	13	24	12	19	18	9	29	47	30	31	35	39	20	25	29	30	19	20	38	26	46	31	22	36	24	29	26	20	29	55	95	54	58	60	86	60	78	83	77	114	87	64	88	80	93	44	69	71	46	96	107	109	67	64	82	68	87	94	75	51	67	82	45	70	78	61	66	51	51	46	71	45	50	103	70	95	47	93	66	68	
25	2	46	46	9	41	17	60	15	31	22	28	15	29	0	33	62	1	15	2	22	48	28	42	35	20	54	24	25	56	38	28	42	32	25	14	15	44	29	21	37	26	32	28	12	20	21	14	21	63	115	70	81	79	109	83	101	91	100	136	105	86	107	103	113	64	92	79	71	106	129	132	90	71	101	76	110	113	98	76	75	100	68	78	96	78	89	74	73	69	89	68	59	127	78	114	70	106	79	91	
8	35	57	58	26	12	38	35	41	29	40	5	30	20	33	0	79	33	38	34	16	35	9	17	11	18	31	55	44	33	50	36	13	40	43	40	21	32	27	20	35	23	5	25	25	25	39	21	42	39	90	46	53	54	82	55	73	66	72	109	81	59	83	76	88	39	64	54	48	82	102	105	63	47	76	51	83	88	70	48	50	75	40	53	71	53	61	46	46	41	64	41	34	99	53	89	42	81	54	64	
78	63	27	28	71	80	46	73	50	94	42	76	78	63	62	79	0	62	47	64	68	53	72	78	77	61	72	68	38	68	29	90	79	40	39	51	75	50	92	84	99	89	81	90	75	83	43	76	41	109	145	104	108	110	127	110	122	134	124	161	137	114	137	126	142	93	118	125	81	146	154	156	111	119	132	123	134	144	119	89	121	131	94	125	128	111	114	95	100	90	120	94	100	150	121	144	88	143	116	113	
25	2	45	46	9	40	17	59	15	32	21	28	16	29	1	33	62	0	15	2	21	47	27	42	35	20	54	24	25	56	38	28	41	31	24	14	15	43	30	22	37	27	32	28	12	20	20	14	21	64	115	71	81	79	109	83	101	91	100	136	106	86	108	103	113	65	92	79	71	107	129	132	90	72	101	77	110	113	98	75	75	100	67	78	96	79	89	74	73	69	90	68	60	126	78	115	70	106	79	91	
35	16	35	36	23	46	2	61	9	46	7	34	30	27	15	38	47	15	0	17	24	44	33	46	41	20	56	29	10	57	27	43	47	22	10	8	29	40	44	37	52	41	38	43	27	35	5	29	6	76	123	82	85	88	113	87	105	103	104	141	115	91	115	107	121	71	96	91	72	118	134	137	94	84	110	88	114	121	102	78	87	109	72	90	105	88	93	78	78	73	98	72	71	131	90	122	74	118	91	95	
27	1	47	48	10	42	19	61	16	30	23	30	14	31	2	34	64	2	17	0	23	50	29	44	37	22	56	24	27	58	40	26	43	33	26	15	15	45	28	20	36	25	34	26	11	19	22	14	23	62	113	69	79	78	111	82	102	90	101	135	104	84	106	104	111	63	91	78	73	105	128	130	92	70	100	75	111	111	99	77	73	99	68	76	95	77	91	76	73	71	88	70	58	127	76	113	72	104	78	93	
12	24	46	47	15	24	23	43	27	32	27	11	24	13	22	16	68	21	24	23	0	34	10	25	19	7	37	41	31	39	38	31	25	29	30	26	9	31	30	19	38	23	16	29	14	21	26	10	27	54	102	60	64	66	93	66	84	82	83	120	93	70	94	86	99	50	75	70	54	97	113	116	73	62	88	67	93	100	81	59	65	88	51	68	84	67	72	57	57	52	77	52	50	110	68	101	53	96	70	75	
34	49	31	32	44	33	42	20	50	56	38	31	48	24	48	35	53	47	44	50	34	0	26	30	29	32	19	66	40	15	26	56	32	23	34	49	39	4	54	42	63	46	37	52	43	46	39	39	43	58	91	53	57	59	74	57	69	84	71	108	86	61	84	73	89	42	65	75	30	95	101	103	58	68	79	73	81	92	66	36	71	81	44	74	77	60	61	42	49	37	70	42	49	97	70	91	35	92	65	60	
8	30	51	52	21	14	32	32	36	33	35	5	25	12	28	9	72	27	33	29	10	26	0	16	9	13	27	50	38	29	44	33	15	34	37	34	15	23	30	18	40	23	12	29	20	23	34	16	36	45	92	51	55	57	83	57	75	72	74	111	84	61	85	77	90	40	66	60	43	88	104	106	64	53	79	58	84	91	72	49	56	79	41	59	75	58	63	48	47	43	67	42	41	100	59	92	44	87	61	65	
17	44	56	57	35	5	46	20	50	38	46	14	39	19	42	17	78	42	46	44	25	30	16	0	7	28	20	64	49	24	50	45	4	39	48	49	30	29	35	29	40	32	17	34	35	34	45	30	48	36	76	35	39	41	68	41	59	64	58	95	68	45	69	62	74	24	50	52	33	77	88	91	48	45	63	49	69	75	56	34	48	63	26	51	59	42	47	32	31	27	52	27	31	85	51	76	28	74	47	50	
10	37	55	56	29	5	40	25	44	35	43	8	33	18	35	11	77	35	41	37	19	29	9	7	0	21	20	58	46	24	49	39	6	38	45	43	23	28	32	23	40	28	12	31	28	28	42	24	44	40	83	42	46	48	74	48	66	68	65	102	75	52	76	68	81	31	57	56	37	83	95	97	55	49	70	53	75	82	63	40	52	70	32	55	66	49	54	39	38	34	58	33	36	91	55	83	35	81	54	56	
17	21	39	40	22	26	19	43	23	39	22	15	31	9	20	18	61	20	20	22	7	32	13	28	21	0	38	38	25	39	32	38	27	22	24	22	16	28	37	25	45	30	21	35	21	28	21	17	23	57	104	63	66	69	95	68	86	84	86	123	96	73	96	89	102	52	78	72	54	99	116	118	76	65	91	69	96	103	84	60	68	90	53	71	86	70	75	60	59	55	79	54	52	112	71	103	55	99	72	77	
30	56	50	51	48	23	55	6	60	54	50	27	52	29	54	31	72	54	56	56	37	19	27	20	20	38	0	76	52	4	45	59	22	35	46	59	42	23	52	43	58	48	32	51	47	47	51	43	55	48	78	43	44	48	61	43	55	73	57	94	74	48	70	59	76	32	51	65	17	84	87	90	44	58	65	63	67	79	52	22	61	69	32	64	65	49	47	28	36	23	57	28	39	84	60	77	21	80	55	46	
47	23	60	61	33	62	31	81	23	44	35	50	26	47	24	55	68	24	29	24	41	66	50	64	58	38	76	0	33	78	52	36	63	47	38	24	38	62	42	38	48	40	54	40	34	32	34	37	29	80	131	87	97	96	129	100	120	108	119	153	122	102	124	122	129	81	109	96	93	123	145	148	112	88	118	93	129	129	117	97	91	116	86	94	113	95	110	96	91	91	106	90	76	145	94	131	92	122	96	113	
42	26	30	31	33	52	8	57	13	57	4	40	41	30	25	44	38	25	10	27	31	40	38	49	46	25	52	34	0	53	23	53	51	17	6	15	38	36	54	47	62	52	45	53	37	45	5	38	4	82	124	83	86	89	112	88	103	109	104	141	116	92	116	108	122	72	97	97	69	125	134	137	93	90	111	95	115	123	101	74	93	110	73	96	106	90	93	76	79	71	99	73	78	131	96	123	72	121	94	95	
33	58	46	47	49	27	55	5	62	58	51	30	54	31	56	33	68	56	57	58	39	15	29	24	24	39	4	78	53	0	41	61	26	36	47	61	44	19	56	45	62	50	36	55	49	50	52	45	56	49	77	44	43	47	60	42	54	72	56	93	73	47	69	58	75	34	50	66	16	83	86	89	43	60	64	65	66	78	51	21	62	68	31	66	64	48	46	27	35	22	56	27	41	83	61	76	20	79	56	45	
49	39	8	9	45	53	25	45	35	69	21	46	53	35	38	50	29	38	27	40	38	26	44	50	49	32	45	52	23	41	0	66	52	11	17	34	48	23	67	56	75	61	52	66	49	58	22	48	26	81	117	76	80	82	100	82	94	107	97	134	109	86	110	99	115	65	90	98	56	118	127	129	84	91	104	96	107	116	92	62	94	104	67	97	100	83	87	68	72	63	93	66	72	123	93	117	60	115	88	86	
28	27	73	74	24	43	45	63	43	19	49	31	14	39	28	36	90	28	43	26	31	56	33	45	39	38	59	36	53	61	66	0	44	59	52	41	22	53	17	19	13	19	35	15	21	11	48	21	49	60	112	67	78	76	109	80	101	86	99	133	103	83	104	102	110	61	90	74	75	102	126	129	93	67	98	72	109	110	97	78	70	97	67	73	93	75	91	76	71	71	86	71	56	125	73	111	72	101	74	93	
16	43	58	58	35	1	46	24	50	34	47	14	39	20	42	13	79	41	47	43	25	32	15	4	6	27	22	63	51	26	52	44	0	41	49	49	29	30	32	25	36	28	14	30	34	33	46	30	49	36	80	39	43	45	72	45	63	64	62	99	72	49	73	65	78	28	54	52	37	79	92	95	52	44	67	49	72	79	60	38	47	66	29	50	63	46	51	36	35	31	55	31	32	89	50	80	32	78	51	53	
39	32	18	19	37	42	20	40	29	61	15	37	47	25	32	40	40	31	22	33	29	23	34	39	38	22	35	47	17	36	11	59	41	0	11	28	38	18	59	47	67	52	43	57	42	50	16	39	20	71	106	66	69	72	95	71	86	96	87	124	99	75	99	90	104	55	80	87	51	107	117	120	75	80	94	85	97	105	83	57	83	93	56	86	89	72	76	59	62	54	82	55	61	114	82	106	55	104	77	77	
41	25	25	26	32	50	8	52	18	56	4	39	40	29	25	43	39	24	10	26	30	34	37	48	45	24	46	38	6	47	17	52	49	11	0	18	37	30	54	46	62	51	45	52	37	45	5	38	9	81	118	77	81	83	106	83	97	107	99	136	110	87	110	102	116	66	91	96	63	119	129	131	87	89	105	94	109	117	95	69	92	104	67	95	101	84	88	71	73	66	93	67	73	125	94	117	67	116	89	89	
35	14	41	42	22	48	10	64	1	45	15	35	29	30	14	40	51	14	8	15	26	49	34	49	43	22	59	24	15	61	34	41	49	28	18	0	27	45	43	35	51	40	40	41	26	34	14	27	10	75	126	82	88	91	117	90	108	103	107	144	117	94	118	110	123	74	99	91	76	118	137	140	97	83	112	88	117	124	105	82	86	111	75	89	108	90	96	81	81	76	101	76	71	134	89	125	77	117	91	99	
13	16	55	56	6	28	30	47	29	24	34	16	15	19	15	21	75	15	29	15	9	39	15	30	23	16	42	38	38	44	48	22	29	38	37	27	0	36	22	12	29	17	20	20	5	13	33	1	34	53	104	60	69	69	97	71	89	81	88	125	95	75	97	91	102	54	80	69	59	96	118	120	78	61	90	66	98	102	86	63	64	89	55	67	86	68	77	62	61	57	79	56	49	114	67	104	58	95	69	79	
31	44	29	30	41	31	38	24	46	53	34	29	46	20	44	32	50	43	40	45	31	4	23	29	28	28	23	62	36	19	23	53	30	18	30	45	36	0	51	39	60	44	35	49	40	43	35	37	39	60	96	55	58	61	78	60	73	85	75	112	88	65	88	77	93	44	69	76	35	97	105	107	62	70	83	74	85	95	70	40	72	82	45	76	78	62	65	46	51	41	71	45	51	101	71	95	39	94	67	64	
24	29	75	76	25	31	46	56	44	2	51	27	19	38	29	27	92	30	44	28	30	54	30	35	32	37	52	42	54	56	67	17	32	59	54	43	22	51	0	14	15	8	25	2	20	11	50	21	50	47	99	54	64	63	96	67	87	75	86	120	89	70	91	89	96	48	76	63	68	90	113	115	80	55	85	60	96	97	84	66	58	84	54	62	80	62	78	64	58	59	73	58	43	112	61	98	60	89	63	80	
13	21	64	65	17	24	39	47	36	17	43	15	15	26	21	20	84	22	37	20	19	42	18	29	23	25	43	38	47	45	56	19	25	47	46	35	12	39	14	0	24	7	19	13	13	7	42	12	43	42	93	49	59	57	91	62	82	69	80	115	84	64	86	84	91	43	71	58	60	85	107	110	74	50	79	55	91	91	78	59	53	78	48	56	74	57	72	58	53	53	68	52	38	107	56	93	54	84	58	75	
34	37	83	83	33	35	54	60	52	17	59	37	25	46	37	35	99	37	52	36	38	63	40	40	40	45	58	48	62	62	75	13	36	67	62	51	29	60	15	24	0	20	33	14	28	17	58	29	58	51	102	57	68	66	99	71	91	74	89	123	93	73	94	92	100	52	80	62	72	89	116	119	85	54	88	59	99	100	87	70	58	87	57	61	83	65	81	68	61	63	76	61	46	116	60	101	64	89	62	84	
17	26	69	69	22	27	43	52	41	10	48	20	17	31	26	23	89	27	41	25	23	46	23	32	28	30	48	40	52	50	61	19	28	52	51	40	17	44	8	7	20	0	21	6	18	9	47	17	47	45	96	52	62	60	94	65	85	72	83	117	87	67	89	87	94	46	74	60	64	88	110	113	77	53	82	58	94	94	81	62	56	81	51	59	77	60	75	61	55	56	71	55	41	110	59	96	57	87	60	78	
7	34	60	61	25	13	38	37	41	27	42	6	29	22	32	5	81	32	38	34	16	37	12	17	12	21	32	54	45	36	52	35	14	43	45	40	20	35	25	19	33	21	0	24	25	24	41	20	42	39	90	45	53	54	82	55	74	66	73	110	81	59	82	76	88	39	65	54	49	81	103	105	63	47	76	51	83	88	71	48	50	75	40	53	71	53	62	47	46	42	64	41	34	99	53	89	43	81	54	64	
23	27	73	74	23	29	45	54	42	4	49	26	17	36	28	25	90	28	43	26	29	52	29	34	31	35	51	40	53	55	66	15	30	57	52	41	20	49	2	13	14	6	24	0	19	10	48	19	49	46	97	53	63	61	94	66	86	73	84	118	88	68	90	88	95	47	75	61	67	89	111	114	79	54	83	58	94	95	82	64	57	82	52	60	78	60	76	63	56	58	71	56	41	111	60	97	58	88	61	79	
18	12	57	58	5	33	29	52	27	23	34	20	11	24	12	25	75	12	27	11	14	43	20	35	28	21	47	34	37	49	49	21	34	42	37	26	5	40	20	13	28	18	25	19	0	11	33	5	33	55	106	62	72	70	102	75	93	82	93	127	97	77	99	96	104	56	84	70	64	98	120	123	83	63	92	68	103	104	90	68	66	91	60	69	87	70	82	67	65	61	81	61	51	119	69	106	62	97	70	84	
17	20	66	67	16	31	37	52	35	13	42	20	9	29	20	25	83	20	35	19	21	46	23	34	28	28	47	32	45	50	58	11	33	50	45	34	13	43	11	7	17	9	24	10	11	0	41	12	41	49	101	56	66	65	98	69	89	77	88	122	91	72	93	91	99	50	79	65	64	92	115	117	81	57	87	62	98	99	86	67	61	86	56	64	82	64	80	65	60	60	75	60	45	114	63	100	61	92	65	82	
37	21	30	31	28	47	3	56	15	52	1	36	36	26	21	39	43	20	5	22	26	39	34	45	42	21	51	34	5	52	22	48	46	16	5	14	33	35	50	42	58	47	41	48	33	41	0	34	6	77	121	80	84	86	111	86	102	105	103	140	113	90	114	106	119	69	95	93	68	120	133	135	92	85	108	90	113	120	100	73	89	108	70	92	104	87	92	75	76	70	96	71	73	129	91	121	71	119	92	94	
14	15	56	57	5	29	30	48	29	23	35	16	14	20	14	21	76	14	29	14	10	39	16	30	24	17	43	37	38	45	48	21	30	39	38	27	1	37	21	12	29	17	20	19	5	12	34	0	34	54	105	61	69	69	98	71	89	81	89	126	96	75	98	92	103	55	81	69	60	97	119	121	79	62	91	66	99	103	86	64	65	90	56	68	86	68	78	62	62	57	79	57	49	115	68	105	58	96	69	80	
38	22	33	34	29	49	4	60	9	52	7	37	36	29	21	42	41	21	6	23	27	43	36	48	44	23	55	29	4	56	26	49	49	20	9	10	34	39	50	43	58	47	42	49	33	41	6	34	0	80	125	83	87	90	115	89	106	107	106	143	116	93	117	109	122	73	98	95	72	123	136	138	96	88	111	93	116	123	103	77	91	111	74	94	107	90	95	79	80	74	100	74	75	132	94	124	75	122	95	97	
45	63	87	88	58	35	76	46	76	49	78	43	57	55	63	39	109	64	76	62	54	58	45	36	40	57	48	80	82	49	81	60	36	71	81	75	53	60	47	42	51	45	39	46	55	49	77	54	80	0	55	9	22	21	56	28	48	39	46	77	44	27	49	49	53	16	36	27	53	53	70	73	43	20	41	24	56	52	44	34	23	39	19	26	35	17	38	33	21	33	29	23	9	71	26	56	35	48	21	41	
93	115	123	124	110	81	122	73	127	101	121	90	108	95	115	90	145	115	123	113	102	91	92	76	83	104	78	131	124	77	117	112	80	106	118	126	104	96	99	93	102	96	90	97	106	101	121	105	125	55	0	46	39	36	36	36	32	36	29	31	16	33	9	32	2	58	27	49	75	26	23	26	37	57	15	52	20	6	30	61	48	18	53	50	24	38	33	57	45	61	28	54	56	29	46	2	63	27	42	35	
52	70	82	83	65	40	81	41	83	56	81	49	63	54	70	46	104	71	82	69	60	53	51	35	42	63	43	87	83	44	76	67	39	66	77	82	60	55	54	49	57	52	45	53	62	56	80	61	83	9	46	0	13	12	47	19	39	30	37	68	35	18	40	40	44	13	27	21	48	44	61	64	34	20	32	23	47	43	35	29	17	30	14	23	26	8	29	28	16	28	20	18	11	62	17	47	31	39	12	31	
56	80	86	87	74	44	85	40	89	67	84	53	74	58	81	53	108	81	85	79	64	57	55	39	46	66	44	97	86	43	80	78	43	69	81	88	69	58	64	59	68	62	53	63	72	66	84	69	87	22	39	13	0	5	36	6	27	32	25	61	32	7	32	29	37	20	16	27	47	42	53	56	22	30	26	29	35	39	23	28	23	28	15	28	24	7	17	27	8	27	15	19	21	52	22	39	29	39	17	20	
58	79	89	89	74	46	87	43	92	65	87	55	72	60	79	54	110	79	88	78	66	59	57	41	48	69	48	96	89	47	82	76	45	72	83	91	69	61	63	57	66	60	54	61	70	65	86	69	90	21	36	12	5	0	36	11	27	29	26	57	28	7	28	29	34	22	15	25	50	40	50	53	22	28	22	27	35	34	23	32	21	25	18	26	21	6	17	30	13	31	10	22	20	50	20	35	33	36	15	20	
84	111	106	106	103	73	113	56	118	98	110	82	105	86	109	82	127	109	113	111	93	74	83	68	74	95	61	129	112	60	100	109	72	95	106	117	97	78	96	91	99	94	82	94	102	98	111	98	115	56	36	47	36	36	0	30	9	52	10	41	40	30	30	7	37	51	21	53	47	59	34	36	20	60	32	56	16	42	16	42	52	42	46	54	42	40	21	39	38	47	30	44	53	30	50	35	46	56	46	21	
58	83	88	89	76	46	87	39	91	69	86	55	76	60	83	55	110	83	87	82	66	57	57	41	48	68	43	100	88	42	82	80	45	71	83	90	71	60	67	62	71	65	55	66	75	69	86	71	89	28	36	19	6	11	30	0	22	36	20	57	32	6	28	24	34	22	11	33	46	47	50	52	17	36	23	35	30	36	18	28	29	30	17	34	27	13	12	26	9	26	16	19	24	47	28	35	29	43	23	15	
76	103	100	101	94	64	104	50	109	90	101	73	97	78	101	73	122	101	105	102	84	69	75	59	66	86	55	120	103	54	94	101	63	86	97	108	89	73	87	82	91	85	74	86	93	89	102	89	106	48	32	39	27	27	9	22	0	46	4	39	34	22	24	5	32	42	14	46	48	53	32	35	11	51	26	50	13	37	7	34	44	36	37	48	35	32	12	30	30	38	24	35	44	29	43	30	39	50	38	11	
73	91	113	114	86	63	103	68	104	77	106	71	84	83	91	66	134	91	103	90	82	84	72	64	68	84	73	108	109	72	107	86	64	96	107	103	81	85	75	69	74	72	66	73	82	77	105	81	107	39	36	30	32	29	52	36	46	0	42	62	24	30	32	45	34	44	34	13	75	19	55	58	43	24	25	16	44	33	43	57	17	19	43	14	14	26	38	55	38	56	23	47	42	57	16	38	58	16	22	41	
75	102	102	103	93	63	104	53	108	88	102	72	95	77	100	72	124	100	104	101	83	71	74	58	65	86	57	119	104	56	97	99	62	87	99	107	88	75	86	80	89	83	73	84	93	88	103	89	106	46	29	37	25	26	10	20	4	42	0	37	30	20	20	3	29	41	11	43	51	50	30	33	13	49	22	46	10	33	6	37	42	32	36	44	31	30	11	33	28	40	20	34	43	27	40	27	42	46	36	13	
112	136	139	140	130	100	141	90	145	122	139	109	129	114	136	109	161	136	141	135	120	108	111	95	102	123	94	153	141	93	134	133	99	124	136	144	125	112	120	115	123	117	110	118	127	122	140	126	143	77	31	68	61	57	41	57	39	62	37	0	41	54	30	36	32	78	47	71	87	55	8	10	50	79	38	75	28	36	43	74	70	44	73	73	49	61	48	70	65	77	49	71	77	11	68	29	79	55	64	51	
85	105	115	116	100	73	114	69	118	92	114	82	99	87	105	81	137	106	115	104	93	86	84	68	75	96	74	122	116	73	109	103	72	99	110	117	95	88	89	84	93	87	81	88	97	91	113	96	116	44	16	35	32	28	40	32	34	24	30	41	0	26	11	33	14	48	23	36	72	21	34	37	34	46	9	40	25	12	31	58	37	6	45	37	12	27	29	54	40	57	17	49	46	36	35	17	59	19	31	32	
62	85	92	93	80	50	91	43	95	72	90	59	79	64	86	59	114	86	91	84	70	61	61	45	52	73	48	102	92	47	86	83	49	75	87	94	75	65	70	64	73	67	59	68	77	72	90	75	93	27	33	18	7	7	30	6	22	30	20	54	26	0	26	23	31	26	10	30	50	40	47	50	16	33	19	32	30	32	18	32	26	24	21	31	21	13	12	30	13	31	9	23	27	46	25	33	33	37	20	14	
86	107	115	116	102	74	115	66	119	93	114	83	100	88	107	83	137	108	115	106	94	84	85	69	76	96	70	124	116	69	110	104	73	99	110	118	97	88	91	86	94	89	82	90	99	93	114	98	117	49	9	40	32	28	30	28	24	32	20	30	11	26	0	23	9	50	19	43	66	31	23	26	29	50	9	46	13	13	21	52	42	14	45	44	19	32	25	48	37	53	20	46	48	25	39	7	55	27	36	28	
78	105	105	105	97	66	107	55	112	91	105	75	98	80	103	76	126	103	107	104	86	73	77	62	68	89	59	122	108	58	99	102	65	90	102	110	91	77	89	84	92	87	76	88	96	91	106	92	109	49	32	40	29	29	7	24	5	45	3	36	33	23	23	0	32	44	14	46	52	53	29	32	15	53	26	50	11	36	9	39	45	36	39	47	35	33	14	35	31	43	24	37	46	26	43	30	44	49	39	16	
91	112	121	122	108	79	120	71	125	99	119	88	106	93	113	88	142	113	121	111	99	89	90	74	81	102	76	129	122	75	115	110	78	104	116	123	102	93	96	91	100	94	88	95	104	99	119	103	122	53	2	44	37	34	37	34	32	34	29	32	14	31	9	32	0	55	25	47	74	26	24	27	35	54	12	50	21	5	30	59	46	16	51	48	22	36	31	55	43	59	25	51	54	30	44	4	61	26	40	33	
41	64	72	72	59	29	70	30	75	50	70	39	58	44	64	39	93	65	71	63	50	42	40	24	31	52	32	81	72	34	65	61	28	55	66	74	54	44	48	43	52	46	39	47	56	50	69	55	73	16	58	13	20	22	51	22	42	44	41	78	48	26	50	44	55	0	31	35	38	57	71	73	37	29	44	34	51	56	38	24	31	43	7	35	39	21	32	22	13	21	32	11	7	67	30	57	22	53	25	35	
67	92	96	97	85	55	96	46	101	79	95	64	86	69	92	64	118	92	96	91	75	65	66	50	57	78	51	109	97	50	90	90	54	80	91	99	80	69	76	71	80	74	65	75	84	79	95	81	98	36	27	27	16	15	21	11	14	34	11	47	23	10	19	14	25	31	0	35	49	43	40	42	11	39	14	38	20	28	9	34	32	24	26	36	23	20	6	30	19	34	12	27	33	36	31	26	36	39	26	9	
61	79	104	105	74	51	91	62	92	65	94	59	72	71	79	54	125	79	91	78	70	75	60	52	56	72	65	96	97	66	98	74	52	87	96	91	69	76	63	58	62	60	54	61	70	65	93	69	95	27	49	21	27	25	53	33	46	13	43	71	36	30	43	46	47	35	35	0	69	29	64	67	43	12	35	5	51	45	43	51	6	31	35	1	26	21	38	49	33	50	23	39	32	66	5	50	52	27	12	41	
47	73	60	61	64	38	71	12	77	70	66	44	69	46	71	48	81	71	72	73	54	30	43	33	37	54	17	93	69	16	56	75	37	51	63	76	59	35	68	60	72	64	49	67	64	64	68	60	72	53	75	48	47	50	47	46	48	75	51	87	72	50	66	52	74	38	49	69	0	86	80	82	38	63	63	68	60	77	46	20	65	71	35	70	68	51	43	28	39	20	59	31	45	76	64	73	18	83	59	40	
88	106	124	125	101	78	119	79	119	92	121	86	99	96	106	82	146	107	118	105	97	95	88	77	83	99	84	123	125	83	118	102	79	107	119	118	96	97	90	85	89	88	81	89	98	92	120	97	123	53	26	44	42	40	59	47	53	19	50	55	21	40	31	53	26	57	43	29	86	0	47	50	53	39	28	32	44	23	51	68	33	21	54	30	21	36	49	66	49	67	32	58	55	54	32	28	69	4	38	51	
105	129	132	133	123	93	134	83	138	115	132	102	122	107	129	102	154	129	134	128	113	101	104	88	95	116	87	145	134	86	127	126	92	117	129	137	118	105	113	107	116	110	103	111	120	115	133	119	136	70	23	61	53	50	34	50	32	55	30	8	34	47	23	29	24	71	40	64	80	47	0	4	43	72	31	68	21	29	36	67	63	37	66	65	42	53	41	63	58	70	42	64	70	13	61	22	72	48	57	43	
107	131	135	136	126	96	136	85	141	118	135	105	125	109	132	105	156	132	137	130	116	103	106	91	97	118	90	148	137	89	129	129	95	120	131	140	120	107	115	110	119	113	105	114	123	117	135	121	138	73	26	64	56	53	36	52	35	58	33	10	37	50	26	32	27	73	42	67	82	50	4	0	45	74	33	70	24	32	38	69	66	39	68	68	44	56	44	65	60	73	44	67	72	15	64	24	74	51	60	46	
65	92	89	90	83	53	94	40	99	83	90	62	88	67	90	63	111	90	94	92	73	58	64	48	55	76	44	112	93	43	84	93	52	75	87	97	78	62	80	74	85	77	63	79	83	81	92	79	96	43	37	34	22	22	20	17	11	43	13	50	34	16	29	15	35	37	11	43	38	53	43	45	0	46	25	45	23	38	8	24	39	35	30	44	34	27	5	20	24	27	22	26	39	39	38	35	29	50	33	2	
53	71	97	98	66	44	84	57	84	58	86	51	65	64	71	47	119	72	84	70	62	68	53	45	49	65	58	88	90	60	91	67	44	80	89	83	61	70	55	50	54	53	47	54	63	57	85	62	88	20	57	20	30	28	60	36	51	24	49	79	46	33	50	53	54	29	39	12	63	39	72	74	46	0	43	9	58	53	47	45	10	40	30	11	36	24	41	44	32	44	31	34	27	73	13	57	46	39	15	44	
80	101	110	111	96	68	109	61	114	87	109	77	94	82	101	76	132	101	110	100	88	79	79	63	70	91	65	118	111	64	104	98	67	94	105	112	90	83	85	79	88	82	76	83	92	87	108	91	111	41	15	32	26	22	32	23	26	25	22	38	9	19	9	26	12	44	14	35	63	28	31	33	25	43	0	38	19	13	23	49	34	10	40	36	11	24	20	45	32	48	14	41	42	33	32	16	50	25	28	23	
58	76	102	103	71	48	89	61	89	62	91	56	69	68	76	51	123	77	88	75	67	73	58	49	53	69	63	93	95	65	96	72	49	85	94	88	66	74	60	55	59	58	51	58	68	62	90	66	93	24	52	23	29	27	56	35	50	16	46	75	40	32	46	50	50	34	38	5	68	32	68	70	45	9	38	0	54	49	46	50	6	35	35	4	30	22	40	48	35	49	27	39	32	69	7	53	51	31	12	43	
85	112	113	113	103	73	114	63	119	98	112	82	105	87	110	83	134	110	114	111	93	81	84	69	75	96	67	129	115	66	107	109	72	97	109	117	98	85	96	91	99	94	83	94	103	98	113	99	116	56	20	47	35	35	16	30	13	44	10	28	25	30	13	11	21	51	20	51	60	44	21	24	23	58	19	54	0	26	16	47	50	27	46	52	30	40	21	43	38	51	28	44	53	18	48	19	52	41	44	24	
93	113	123	124	108	81	121	74	126	99	121	90	106	95	113	88	144	113	122	112	101	92	92	76	83	103	79	129	123	78	117	110	79	106	117	124	102	95	97	91	100	94	88	95	104	99	121	103	124	52	6	43	39	35	42	36	37	33	33	36	12	33	13	36	5	56	28	45	77	23	29	32	38	53	13	49	26	0	34	62	45	15	52	47	20	35	34	58	45	62	25	54	54	34	42	7	64	23	39	36	
73	100	97	98	91	61	102	48	106	86	98	70	93	75	98	70	119	98	102	99	81	66	72	56	63	84	52	117	101	51	92	97	60	83	95	105	86	70	84	78	87	81	71	82	90	86	100	86	103	44	30	35	23	23	16	18	7	43	6	43	31	18	21	9	30	38	9	43	46	51	36	38	8	47	23	46	16	34	0	32	40	33	34	45	32	28	9	28	26	35	21	32	41	32	40	28	37	47	35	9	
50	77	68	68	69	39	77	18	83	68	72	48	73	51	76	48	89	75	78	77	59	36	49	34	40	60	22	97	74	21	62	78	38	57	69	82	63	40	66	59	70	62	48	64	68	67	73	64	77	34	61	29	28	32	42	28	34	57	37	74	58	32	52	39	59	24	34	51	20	68	67	69	24	45	49	50	47	62	32	0	47	53	17	52	49	33	28	10	20	8	41	13	28	63	46	59	7	65	41	26	
57	74	100	101	70	47	87	58	88	61	89	54	68	67	75	50	121	75	87	73	65	71	56	48	52	68	61	91	93	62	94	70	47	83	92	86	64	72	58	53	58	56	50	57	66	61	89	65	91	23	48	17	23	21	52	29	44	17	42	70	37	26	42	45	46	31	32	6	65	33	63	66	39	10	34	6	50	45	40	47	0	32	31	7	28	17	34	45	29	46	22	36	29	65	3	49	48	32	6	37	
80	100	110	111	95	68	108	65	113	86	108	77	93	82	100	75	131	100	109	99	88	81	79	63	70	90	69	116	110	68	104	97	66	93	104	111	89	82	84	78	87	81	75	82	91	86	108	90	111	39	18	30	28	25	42	30	36	19	32	44	6	24	14	36	16	43	24	31	71	21	37	39	35	40	10	35	27	15	33	53	32	0	39	32	6	22	30	52	35	52	14	43	41	39	29	20	54	18	26	33	
42	69	73	73	61	30	71	28	76	56	71	40	63	45	68	40	94	67	72	68	51	44	41	26	32	53	32	86	73	31	67	67	29	56	67	75	55	45	54	48	57	51	40	52	60	56	70	56	74	19	53	14	15	18	46	17	37	43	36	73	45	21	45	39	51	7	26	35	35	54	66	68	30	30	40	35	46	52	34	17	31	39	0	36	35	19	27	16	8	16	28	4	13	62	31	52	18	50	26	29	
60	77	103	104	73	50	90	63	91	64	93	57	71	70	78	53	125	78	90	76	68	74	59	51	55	71	64	94	96	66	97	73	50	86	95	89	67	76	62	56	61	59	53	60	69	64	92	68	94	26	50	23	28	26	54	34	48	14	44	73	37	31	44	47	48	35	36	1	70	30	65	68	44	11	36	4	52	47	45	52	7	32	36	0	28	22	40	50	35	50	24	40	33	67	6	51	53	28	13	42	
76	96	106	107	91	64	105	61	109	82	104	73	89	78	96	71	128	96	105	95	84	77	75	59	66	86	65	113	106	64	100	93	63	89	101	108	86	78	80	74	83	77	71	78	87	82	104	86	107	35	24	26	24	21	42	27	35	14	31	49	12	21	19	35	22	39	23	26	68	21	42	44	34	36	11	30	30	20	32	49	28	6	35	28	0	18	29	48	31	48	11	39	37	43	26	25	50	18	22	32	
59	78	89	90	73	47	88	44	91	64	87	56	71	61	78	53	111	79	88	77	67	60	58	42	49	70	49	95	90	48	83	75	46	72	84	90	68	62	62	57	65	60	53	60	70	64	87	68	90	17	38	8	7	6	40	13	32	26	30	61	27	13	32	33	36	21	20	21	51	36	53	56	27	24	24	22	40	35	28	33	17	22	19	22	18	0	22	31	14	32	12	23	19	55	16	39	34	33	11	25	
64	91	92	93	82	52	93	43	97	80	91	61	86	66	89	61	114	89	93	91	72	61	63	47	54	75	47	110	93	46	87	91	51	76	88	96	77	65	78	72	81	75	62	76	82	80	92	78	95	38	33	29	17	17	21	12	12	38	11	48	29	12	25	14	31	32	6	38	43	49	41	44	5	41	20	40	21	34	9	28	34	30	27	40	29	22	0	24	20	31	18	23	35	37	34	32	33	45	29	2	
49	76	73	74	67	37	78	24	82	66	74	46	71	51	74	46	95	74	78	76	57	42	48	32	39	60	28	96	76	27	68	76	36	59	71	81	62	46	64	58	68	61	47	63	67	65	75	62	79	33	57	28	27	30	39	26	30	55	33	70	54	30	48	35	55	22	30	49	28	66	63	65	20	44	45	48	43	58	28	10	45	52	16	50	48	31	24	0	19	11	40	12	26	59	44	55	13	63	40	22	
48	74	79	79	67	36	77	32	82	60	77	46	67	51	73	46	100	73	78	73	57	49	47	31	38	59	36	91	79	35	72	71	35	62	73	81	61	51	58	53	61	55	46	56	65	60	76	62	80	21	45	16	8	13	38	9	30	38	28	65	40	13	37	31	43	13	19	33	39	49	58	60	24	32	32	35	38	45	26	20	29	35	8	35	31	14	20	19	0	19	23	12	15	54	29	44	22	46	24	22	
44	71	68	69	62	32	72	18	77	61	69	41	66	46	69	41	90	69	73	71	52	37	43	27	34	55	23	91	71	22	63	71	31	54	66	76	57	41	59	53	63	56	42	58	61	60	70	57	74	33	61	28	27	31	47	26	38	56	40	77	57	31	53	43	59	21	34	50	20	67	70	73	27	44	48	49	51	62	35	8	46	52	16	50	48	32	31	11	19	0	40	12	27	67	45	60	2	64	40	29	
68	89	99	100	84	56	97	53	102	75	97	66	82	71	89	64	120	90	98	88	77	70	67	52	58	79	57	106	99	56	93	86	55	82	93	101	79	71	73	68	76	71	64	71	81	75	96	79	100	29	28	20	15	10	30	16	24	23	20	49	17	9	20	24	25	32	12	23	59	32	42	44	22	31	14	27	28	25	21	41	22	14	28	24	11	12	18	40	23	40	0	32	30	43	20	27	42	29	16	20	
43	70	72	73	62	32	72	24	77	60	70	41	66	45	68	41	94	68	72	70	52	42	42	27	33	54	28	90	73	27	66	71	31	55	67	76	56	45	58	52	61	55	41	56	61	60	71	57	74	23	54	18	19	22	44	19	35	47	34	71	49	23	46	37	51	11	27	39	31	58	64	67	26	34	41	39	44	54	32	13	36	43	4	40	39	23	23	12	12	12	32	0	17	61	35	53	14	54	30	26	
41	59	78	79	54	31	72	37	72	45	74	39	52	50	59	34	100	60	71	58	50	49	41	31	36	52	39	76	78	41	72	56	32	61	73	71	49	51	43	38	46	41	34	41	51	45	73	49	75	9	56	11	21	20	53	24	44	42	43	77	46	27	48	46	54	7	33	32	45	55	70	72	39	27	42	32	53	54	41	28	29	41	13	33	37	19	35	26	15	27	30	17	0	69	28	55	29	50	23	37	
101	128	129	130	120	90	130	79	135	114	129	99	122	103	127	99	150	126	131	127	110	97	100	85	91	112	84	145	131	83	123	125	89	114	125	134	114	101	112	107	116	110	99	111	119	114	129	115	132	71	29	62	52	50	30	47	29	57	27	11	36	46	25	26	30	67	36	66	76	54	13	15	39	73	33	69	18	34	32	63	65	39	62	67	43	55	37	59	54	67	43	61	69	0	63	27	68	52	59	40	
59	77	99	100	73	50	90	57	90	64	92	57	71	70	78	53	121	78	90	76	68	70	59	51	55	71	60	94	96	61	93	73	50	82	94	89	67	71	61	56	60	59	53	60	69	63	91	68	94	26	46	17	22	20	50	28	43	16	40	68	35	25	39	43	44	30	31	5	64	32	61	64	38	13	32	7	48	42	40	46	3	29	31	6	26	16	34	44	29	45	20	35	28	63	0	46	47	30	7	36	
93	114	122	123	109	81	121	73	126	100	121	90	107	95	114	89	144	115	122	113	101	91	92	76	83	103	77	131	123	76	117	111	80	106	117	125	104	95	98	93	101	96	89	97	106	100	121	105	124	56	2	47	39	35	35	35	30	38	27	29	17	33	7	30	4	57	26	50	73	28	22	24	35	57	16	53	19	7	28	59	49	20	52	51	25	39	32	55	44	60	27	53	55	27	46	0	62	28	43	35	
45	72	66	67	63	33	73	16	78	62	70	42	67	47	70	42	88	70	74	72	53	35	44	28	35	55	21	92	72	20	60	72	32	55	67	77	58	39	60	54	64	57	43	58	62	61	71	58	75	35	63	31	29	33	46	29	39	58	42	79	59	33	55	44	61	22	36	52	18	69	72	74	29	46	50	51	52	64	37	7	48	54	18	53	50	34	33	13	22	2	42	14	29	68	47	62	0	66	42	31	
88	105	121	122	101	78	118	76	119	92	119	85	99	93	106	81	143	106	118	104	96	92	87	74	81	99	80	122	121	79	115	101	78	104	116	117	95	94	89	84	89	87	81	88	97	92	119	96	122	48	27	39	39	36	56	43	50	16	46	55	19	37	27	49	26	53	39	27	83	4	48	51	50	39	25	31	41	23	47	65	32	18	50	28	18	33	45	63	46	64	29	54	50	52	30	28	66	0	34	48	
61	79	94	95	74	51	91	53	92	65	92	59	72	66	79	54	116	79	91	78	70	65	61	47	54	72	55	96	94	56	88	74	51	77	89	91	69	67	63	58	62	60	54	61	70	65	92	69	95	21	42	12	17	15	46	23	38	22	36	64	31	20	36	39	40	25	26	12	59	38	57	60	33	15	28	12	44	39	35	41	6	26	26	13	22	11	29	40	24	40	16	30	23	59	7	43	42	34	0	31	
66	93	91	92	85	55	95	42	100	82	92	64	89	68	91	64	113	91	95	93	75	60	65	50	56	77	46	113	95	45	86	93	53	77	89	99	79	64	80	75	84	78	64	79	84	82	94	80	97	41	35	31	20	20	21	15	11	41	13	51	32	14	28	16	33	35	9	41	40	51	43	46	2	44	23	43	24	36	9	26	37	33	29	42	32	25	2	22	22	29	20	26	37	40	36	35	31	48	31	0	
