0	44	27	44	57	18	15	34	27	38	23	3	18	25	35	27	12	34	8	17	29	30	47	33	49	19	28	16	39	41	35	13	24	13	34	7	23	17	5	38	45	93	52	76	76	66	56	58	58	76	73	75	112	85	62	88	86	91	91	67	61	47	88	105	107	65	53	80	58	87	85	92	73	50	57	80	42	96	60	41	59	87	53	84	49	48	44	68	40	43	41	101	59	93	45	88	61	86	66	50	
44	0	37	1	17	42	45	28	65	24	34	42	28	36	30	38	33	22	37	43	66	38	54	37	11	26	64	44	8	20	36	43	63	51	71	47	62	55	43	29	74	110	69	92	92	83	72	75	74	89	99	90	127	102	78	103	102	107	108	83	90	52	111	120	123	79	83	97	88	103	100	109	87	58	86	96	59	111	90	67	76	104	70	101	62	65	57	85	57	59	65	117	85	109	56	107	80	101	81	80	
27	37	0	38	47	10	42	18	31	22	4	30	30	2	16	1	24	49	30	44	31	56	23	58	39	19	27	43	32	25	14	16	29	21	37	34	27	20	32	22	63	115	70	96	96	91	80	79	83	103	91	102	136	105	85	115	107	111	112	92	79	73	106	129	131	92	71	101	76	108	112	112	100	77	74	100	69	122	77	59	78	107	72	104	76	74	71	89	67	70	59	128	77	114	72	105	79	113	93	68	
44	1	38	0	17	42	46	29	66	24	35	42	28	37	31	39	34	22	38	43	67	39	55	37	11	26	65	45	9	21	37	43	64	52	72	48	62	55	43	29	74	110	69	93	93	83	73	75	75	90	100	91	128	102	79	104	103	108	108	83	91	53	111	121	123	79	84	97	89	104	101	109	87	59	87	97	60	111	90	68	76	104	70	101	63	65	58	86	57	59	65	117	86	110	57	108	81	102	81	81	
57	17	47	17	0	53	59	34	78	29	46	55	42	46	36	48	47	32	52	57	78	51	61	47	9	39	74	58	19	26	42	56	76	65	83	61	74	67	56	34	88	124	83	107	107	97	87	89	89	101	114	103	140	116	93	116	116	122	122	97	105	61	125	133	136	90	98	111	103	117	113	123	98	68	101	111	73	124	104	82	90	118	84	115	74	79	69	100	71	73	79	130	100	123	67	122	95	113	92	95	
18	42	10	42	53	0	34	25	27	29	7	21	25	9	23	10	15	44	21	35	27	48	33	49	45	23	24	35	37	32	22	6	25	17	33	25	23	16	24	29	58	110	65	91	91	84	74	74	76	94	86	93	130	100	80	106	102	106	108	85	74	64	101	123	126	83	66	96	71	103	103	108	91	69	70	95	61	114	73	54	73	102	67	99	67	67	62	84	59	62	54	120	73	109	63	101	74	104	85	63	
15	45	42	46	59	34	0	45	33	48	38	13	21	40	46	42	24	33	14	5	40	23	62	27	53	28	43	1	42	50	48	28	31	24	35	13	29	31	14	49	35	81	40	64	64	54	44	46	46	64	63	63	100	73	50	76	74	79	79	55	51	38	78	93	96	53	44	68	48	75	73	80	61	39	47	68	30	84	50	31	47	75	41	72	37	36	32	56	28	32	31	90	50	81	33	78	51	74	55	41	
34	28	18	29	34	25	45	0	48	5	18	33	27	17	2	19	23	42	32	46	49	55	31	55	25	18	45	46	20	8	10	30	46	39	54	38	45	37	35	4	76	122	81	105	105	95	85	87	87	104	103	104	141	114	91	117	115	120	120	96	91	71	119	134	136	94	84	109	89	116	114	121	102	77	87	108	71	124	90	71	88	116	82	113	78	77	72	97	69	72	72	130	90	121	73	118	91	115	95	81	
27	65	31	66	78	27	33	48	0	53	34	30	40	32	46	30	32	56	33	38	19	54	44	58	69	41	19	34	61	56	45	24	2	17	17	27	4	13	31	52	49	101	56	82	82	77	67	65	69	90	77	88	122	92	72	101	93	97	99	79	65	70	92	115	118	83	58	87	62	94	98	99	86	68	61	86	56	109	64	45	64	93	58	90	66	60	61	75	57	60	45	114	64	100	62	92	65	99	82	54	
38	24	22	24	29	29	48	5	53	0	22	37	27	21	7	23	27	38	35	46	53	50	35	51	21	20	49	47	15	4	15	34	51	43	59	42	49	42	38	7	78	121	81	104	104	94	84	87	86	101	106	102	139	114	90	115	114	119	119	95	94	66	121	132	135	90	86	109	91	115	112	120	98	72	89	108	71	123	93	74	87	116	82	113	74	77	69	97	69	70	74	129	92	121	70	119	92	113	92	83	
23	34	4	35	46	7	38	18	34	22	0	25	27	2	17	4	19	46	25	39	34	52	26	54	38	17	30	39	30	25	15	13	32	24	40	29	30	23	28	22	63	114	70	95	96	89	78	78	80	98	90	98	135	105	84	110	107	111	112	90	78	69	106	128	130	88	71	100	76	108	108	112	95	73	74	99	65	118	77	58	78	107	71	104	71	71	66	88	63	66	59	124	77	114	67	105	78	109	89	68	
3	42	30	42	55	21	13	33	30	37	25	0	16	28	34	30	11	31	5	14	32	27	50	30	46	17	31	14	37	39	35	16	27	15	37	6	26	20	3	37	43	90	49	73	73	63	53	55	55	73	71	72	109	82	59	85	83	88	88	64	59	44	86	102	105	62	51	77	56	84	82	89	70	48	54	77	40	93	57	39	56	84	51	81	46	46	41	66	37	41	39	99	57	90	42	85	59	83	64	48	
18	28	30	28	42	25	21	27	40	27	27	16	0	29	27	31	13	24	12	19	41	29	47	31	35	10	39	20	25	29	30	19	38	26	46	22	36	29	17	29	55	95	54	78	78	68	58	60	60	78	83	77	114	87	64	90	88	93	93	69	71	46	96	107	109	67	64	82	68	89	87	94	75	51	67	82	45	98	70	51	61	89	56	86	51	51	46	71	42	45	50	103	70	95	47	93	66	88	68	61	
25	36	2	37	46	9	40	17	32	21	2	28	29	0	15	2	21	47	27	42	32	54	24	56	38	18	28	41	31	24	14	15	30	22	37	32	28	20	30	21	64	115	71	96	97	91	81	79	83	101	91	100	136	106	86	113	108	112	113	92	79	71	107	129	132	90	72	101	77	109	110	113	98	75	75	100	67	120	78	59	79	108	72	105	74	73	69	90	65	68	60	126	78	115	70	106	79	111	91	69	
35	30	16	31	36	23	46	2	46	7	17	34	27	15	0	17	24	44	33	46	47	56	29	57	27	18	43	47	22	10	8	29	44	37	52	38	43	35	36	6	76	123	82	105	105	95	85	88	87	105	103	104	141	115	91	117	115	120	121	96	91	72	118	134	137	94	84	110	88	116	114	121	102	78	87	109	72	125	90	71	88	117	83	113	78	78	73	98	70	72	71	131	90	122	74	118	91	115	95	80	
27	38	1	39	48	10	42	19	30	23	4	30	31	2	17	0	23	50	29	44	30	56	24	58	40	20	26	43	33	26	15	15	28	20	36	34	26	19	32	23	62	113	69	95	95	90	79	78	82	102	90	101	135	104	84	114	106	110	111	91	78	73	105	128	130	92	70	100	75	107	111	111	99	77	73	99	68	121	76	58	77	106	71	103	76	73	71	88	67	70	58	127	76	113	72	104	78	112	93	67	
12	33	24	34	47	15	24	23	32	27	19	11	13	21	24	23	0	34	10	25	33	37	41	39	38	8	31	25	29	30	26	9	30	19	38	16	29	21	14	27	54	102	60	84	84	74	64	66	66	84	82	83	120	93	70	96	94	99	99	75	70	54	97	113	116	73	62	88	67	95	93	100	81	59	65	88	51	104	68	50	67	95	62	92	57	57	52	77	48	52	50	110	68	101	53	96	70	94	75	59	
34	22	49	22	32	44	33	42	56	38	46	31	24	47	44	50	34	0	26	30	57	19	66	15	26	32	56	32	23	34	49	39	54	42	63	37	52	46	32	43	58	91	53	77	77	66	57	59	57	69	84	71	108	86	61	83	84	91	89	65	75	30	95	101	103	58	68	79	73	85	81	92	66	36	71	81	44	91	74	52	60	88	55	85	42	49	37	70	41	42	49	97	70	91	35	92	65	81	60	65	
8	37	30	38	52	21	14	32	33	35	25	5	12	27	33	29	10	26	0	16	34	27	50	29	44	15	33	15	34	37	34	15	30	18	40	12	29	23	6	36	45	92	51	75	75	65	55	57	57	75	72	74	111	84	61	87	85	90	90	66	60	43	88	104	106	64	53	79	58	86	84	91	72	49	56	79	41	95	59	40	58	86	52	83	48	47	43	67	39	42	41	100	59	92	44	87	61	85	65	50	
17	43	44	43	57	35	5	46	38	46	39	14	19	42	46	44	25	30	16	0	45	20	64	24	50	29	45	4	39	48	49	30	35	29	40	17	34	34	15	48	36	76	35	59	59	49	39	41	41	59	64	58	95	68	45	71	69	74	74	50	52	33	77	88	91	48	45	63	49	70	69	75	56	34	48	63	26	79	51	32	42	70	36	67	32	31	27	52	23	27	31	85	51	76	28	74	47	69	50	42	
29	66	31	67	78	27	40	49	19	53	34	32	41	32	47	30	33	57	34	45	0	59	42	62	70	41	8	41	62	56	45	24	17	19	6	36	15	12	34	53	56	107	63	88	89	83	73	71	76	96	79	94	128	98	78	107	100	104	105	85	67	76	94	121	124	90	60	93	64	100	104	105	92	75	63	92	62	115	66	51	70	100	64	97	73	66	68	81	63	66	51	121	66	107	69	94	67	105	89	56	
30	38	56	39	51	48	23	55	54	50	52	27	29	54	56	56	37	19	27	20	59	0	76	4	45	39	59	22	35	46	59	42	52	43	58	32	51	47	28	55	48	78	43	65	63	52	44	48	43	55	73	57	94	74	48	70	70	77	76	51	65	17	84	87	90	44	58	65	63	71	67	79	52	22	61	69	32	78	64	42	49	77	44	74	28	36	23	57	30	28	39	84	60	77	21	80	55	67	46	55	
47	54	23	55	61	33	62	31	44	35	26	50	47	24	29	24	41	66	50	64	42	76	0	78	52	37	36	63	47	38	24	38	42	38	48	54	40	32	53	29	80	131	87	113	113	108	97	96	100	120	108	119	153	122	102	132	124	128	129	109	96	93	123	145	148	112	88	118	93	125	129	129	117	97	91	116	86	139	94	76	95	124	88	121	96	91	91	106	87	90	76	145	94	131	92	122	96	130	113	85	
33	37	58	37	47	49	27	55	58	51	54	30	31	56	57	58	39	15	29	24	62	4	78	0	41	41	61	26	36	47	61	44	56	45	62	36	55	50	31	56	49	77	44	64	62	51	43	47	42	54	72	56	93	73	47	68	69	76	75	50	66	16	83	86	89	43	60	64	65	70	66	78	51	21	62	68	31	77	66	44	48	76	45	73	27	35	22	56	29	27	41	83	61	76	20	79	56	66	45	57	
49	11	39	11	9	45	53	25	69	21	38	46	35	38	27	40	38	26	44	50	70	45	52	41	0	30	66	52	11	17	34	48	67	56	75	52	66	58	47	26	81	117	76	100	100	90	80	82	82	94	107	97	134	109	86	109	110	115	115	90	98	56	118	127	129	84	91	104	96	111	107	116	92	62	94	104	67	117	97	75	83	111	77	108	68	72	63	93	64	66	72	123	93	117	60	115	88	107	86	88	
19	26	19	26	39	23	28	18	41	20	17	17	10	18	18	20	8	32	15	29	41	39	37	41	30	0	39	29	21	23	20	18	38	26	46	22	37	29	18	22	58	106	64	88	88	78	68	71	70	88	86	87	124	97	74	100	98	103	103	79	74	56	101	117	120	77	66	92	71	99	97	104	85	62	69	92	55	108	72	54	71	99	66	96	61	61	56	81	53	56	54	114	72	105	57	100	74	98	79	63	
28	64	27	65	74	24	43	45	19	49	30	31	39	28	43	26	31	56	33	45	8	59	36	61	66	39	0	44	59	52	41	22	17	19	13	35	15	11	34	49	60	112	67	93	93	88	78	76	80	101	86	99	133	103	83	112	104	108	110	90	74	75	102	126	129	93	67	98	72	105	109	110	97	78	70	97	67	120	73	56	75	105	69	101	76	71	71	86	67	71	56	125	73	111	72	101	74	110	93	64	
16	44	43	45	58	35	1	46	34	47	39	14	20	41	47	43	25	32	15	4	41	22	63	26	52	29	44	0	41	49	49	29	32	25	36	14	30	33	15	49	36	80	39	63	63	53	43	45	45	63	64	62	99	72	49	75	73	78	78	54	52	37	79	92	95	52	44	67	49	74	72	79	60	38	47	66	29	83	50	31	46	74	40	71	36	35	31	55	27	31	32	89	50	80	32	78	51	73	53	41	
39	8	32	9	19	37	42	20	61	15	30	37	25	31	22	33	29	23	34	39	62	35	47	36	11	21	59	41	0	11	28	38	59	47	67	43	57	50	38	20	71	106	66	89	89	79	69	72	71	86	96	87	124	99	75	100	99	104	104	80	87	51	107	117	120	75	80	94	85	100	97	105	83	57	83	93	56	108	86	64	72	101	67	97	59	62	54	82	54	55	61	114	82	106	55	104	77	98	77	77	
41	20	25	21	26	32	50	8	56	4	25	39	29	24	10	26	30	34	37	48	56	46	38	47	17	23	52	49	11	0	18	37	54	46	62	45	52	45	41	9	81	118	77	101	100	91	81	83	83	97	107	99	136	110	87	111	110	115	116	91	96	63	119	129	131	87	89	105	94	111	109	117	95	69	92	104	67	119	95	75	84	112	78	109	71	73	66	93	65	67	73	125	94	117	67	116	89	110	89	86	
35	36	14	37	42	22	48	10	45	15	15	35	30	14	8	15	26	49	34	49	45	59	24	61	34	20	41	49	28	18	0	27	43	35	51	40	41	34	38	10	75	126	82	108	108	98	88	91	90	108	103	107	144	117	94	120	118	123	123	99	91	76	118	137	140	97	83	112	88	119	117	124	105	82	86	111	75	128	89	71	90	119	83	116	81	81	76	101	73	76	71	134	89	125	77	117	91	118	99	80	
13	43	16	43	56	6	28	30	24	34	13	16	19	15	29	15	9	39	15	30	24	42	38	44	48	18	22	29	38	37	27	0	22	12	29	20	20	13	18	34	53	104	60	86	86	79	69	69	71	89	81	88	125	95	75	101	97	101	102	80	69	59	96	118	120	78	61	90	66	98	98	102	86	63	64	89	55	108	67	49	68	97	61	94	62	61	57	79	53	56	49	114	67	104	58	95	69	99	79	58	
24	63	29	64	76	25	31	46	2	51	32	27	38	30	44	28	30	54	30	35	17	52	42	56	67	38	17	32	59	54	43	22	0	14	15	25	2	11	29	50	47	99	54	80	80	75	64	63	67	87	75	86	120	89	70	99	91	95	96	76	63	68	90	113	115	80	55	85	60	92	96	97	84	66	58	84	54	106	62	43	62	91	56	88	64	58	59	73	54	58	43	112	61	98	60	89	63	97	80	52	
13	51	21	52	65	17	24	39	17	43	24	15	26	22	37	20	19	42	18	29	19	43	38	45	56	26	19	25	47	46	35	12	14	0	24	19	13	7	18	43	42	93	49	75	75	69	59	57	62	82	69	80	115	84	64	93	86	90	91	71	58	60	85	107	110	74	50	79	55	87	91	91	78	59	53	78	48	101	56	38	57	86	50	83	58	53	53	68	49	52	38	107	56	93	54	84	58	92	75	47	
34	71	37	72	83	33	35	54	17	59	40	37	46	37	52	36	38	63	40	40	6	58	48	62	75	46	13	36	67	62	51	29	15	24	0	33	14	17	37	58	51	102	57	83	83	78	68	66	71	91	74	89	123	93	73	102	94	98	100	80	62	72	89	116	119	85	54	88	59	95	99	100	87	70	58	87	57	110	61	46	65	95	59	92	68	61	63	76	58	61	46	116	60	101	64	89	62	100	84	51	
7	47	34	48	61	25	13	38	27	42	29	6	22	32	38	34	16	37	12	17	36	32	54	36	52	22	35	14	43	45	40	20	25	19	33	0	24	24	7	42	39	90	45	71	71	64	53	54	55	74	66	73	110	81	59	86	82	86	88	65	54	49	81	103	105	63	47	76	51	83	83	88	71	48	50	75	40	93	53	34	53	83	47	79	47	46	42	64	38	41	34	99	53	89	43	81	54	84	64	43	
23	62	27	62	74	23	29	45	4	49	30	26	36	28	43	26	29	52	29	34	15	51	40	55	66	37	15	30	57	52	41	20	2	13	14	24	0	10	27	49	46	97	53	78	79	73	63	61	66	86	73	84	118	88	68	97	90	94	95	75	61	67	89	111	114	79	54	83	58	90	94	95	82	64	57	82	52	105	60	41	60	90	54	87	63	56	58	71	53	56	41	111	60	97	58	88	61	95	79	51	
17	55	20	55	67	16	31	37	13	42	23	20	29	20	35	19	21	46	23	34	12	47	32	50	58	29	11	33	50	45	34	13	11	7	17	24	10	0	23	41	49	101	56	82	82	77	66	65	69	89	77	88	122	91	72	101	93	97	99	79	65	64	92	115	117	81	57	87	62	94	98	99	86	67	61	86	56	108	64	45	64	93	58	90	65	60	60	75	56	60	45	114	63	100	61	92	65	99	82	54	
5	43	32	43	56	24	14	35	31	38	28	3	17	30	36	32	14	32	6	15	34	28	53	31	47	18	34	15	38	41	38	18	29	18	37	7	27	23	0	39	41	92	48	74	74	64	54	56	56	74	68	73	110	83	60	86	84	89	89	65	56	45	84	103	106	63	49	78	54	85	83	90	71	49	52	77	41	94	55	36	56	85	49	82	47	47	42	67	39	42	37	100	55	91	43	83	57	84	65	46	
38	29	22	29	34	29	49	4	52	7	22	37	29	21	6	23	27	43	36	48	53	55	29	56	26	22	49	49	20	9	10	34	50	43	58	42	49	41	39	0	80	125	83	107	107	97	87	90	89	106	107	106	143	116	93	119	117	122	122	98	95	72	123	136	138	96	88	111	93	118	116	123	103	77	91	111	74	127	94	75	90	118	85	115	79	80	74	100	71	74	75	132	94	124	75	122	95	117	97	85	
45	74	63	74	88	58	35	76	49	78	63	43	55	64	76	62	54	58	45	36	56	48	80	49	81	58	60	36	71	81	75	53	47	42	51	39	46	49	41	80	0	55	9	35	38	32	22	21	28	48	39	46	77	44	27	59	49	50	53	36	27	53	53	70	73	43	20	41	24	49	56	52	44	34	23	39	19	66	26	9	17	46	14	43	33	21	33	29	26	23	9	71	26	56	35	48	21	57	41	17	
93	110	115	110	124	110	81	122	101	121	114	90	95	115	123	113	102	91	92	76	107	78	131	77	117	106	112	80	106	118	126	104	99	93	102	90	97	101	92	125	55	0	46	24	19	28	39	36	36	32	36	29	31	16	33	27	9	5	2	27	49	75	26	23	26	37	57	15	52	9	20	6	30	61	48	18	53	27	50	58	38	20	43	22	57	45	61	28	59	54	56	29	46	2	63	27	42	33	35	53	
52	69	70	69	83	65	40	81	56	81	70	49	54	71	82	69	60	53	51	35	63	43	87	44	76	64	67	39	66	77	82	60	54	49	57	45	53	56	48	83	9	46	0	26	29	23	13	12	19	39	30	37	68	35	18	50	40	41	44	27	21	48	44	61	64	34	20	32	23	40	47	43	35	29	17	30	14	57	23	14	8	37	7	34	28	16	28	20	21	18	11	62	17	47	31	39	12	48	31	17	
76	92	96	93	107	91	64	105	82	104	95	73	78	96	105	95	84	77	75	59	88	65	113	64	100	88	93	63	89	101	108	86	80	75	83	71	78	82	74	107	35	24	26	0	11	20	24	21	27	35	14	32	49	12	21	37	19	19	21	23	26	68	21	42	44	34	36	11	30	17	30	20	32	50	28	6	35	39	28	39	18	12	24	8	48	31	48	11	43	39	37	43	26	25	51	18	22	41	32	33	
76	92	96	93	107	91	64	105	82	104	96	73	78	97	105	95	84	77	75	59	89	63	113	62	100	88	93	63	89	100	108	86	80	75	83	71	79	82	74	107	38	19	29	11	0	12	22	17	20	27	25	24	42	13	16	30	13	17	17	16	32	64	31	35	37	26	39	5	35	13	23	18	25	48	31	11	35	32	33	40	21	20	24	19	46	29	47	9	43	39	37	37	28	20	49	28	25	34	24	36	
66	83	91	83	97	84	54	95	77	94	89	63	68	91	95	90	74	66	65	49	83	52	108	51	90	78	88	53	79	91	98	79	75	69	78	64	73	77	64	97	32	28	23	20	12	0	12	12	8	17	30	14	49	24	7	26	20	27	26	3	31	52	40	42	44	14	36	15	35	21	23	28	12	36	29	22	26	34	32	34	17	31	19	28	34	18	35	9	33	28	32	40	28	27	37	37	23	26	12	33	
56	72	80	73	87	74	44	85	67	84	78	53	58	81	85	79	64	57	55	39	73	44	97	43	80	68	78	43	69	81	88	69	64	59	68	53	63	66	54	87	22	39	13	24	22	12	0	5	6	27	32	25	61	32	7	38	32	37	37	16	27	47	42	53	56	22	30	26	29	33	35	39	23	28	23	28	15	46	28	24	7	36	9	32	27	8	27	15	23	19	21	52	22	39	29	39	17	37	20	27	
58	75	79	75	89	74	46	87	65	87	78	55	60	79	88	78	66	59	57	41	71	48	96	47	82	71	76	45	72	83	91	69	63	57	66	54	61	65	56	90	21	36	12	21	17	12	5	0	11	27	29	26	57	28	7	38	28	32	34	15	25	50	40	50	53	22	28	22	27	29	35	34	23	32	21	25	18	45	26	22	6	33	7	30	30	13	31	10	25	22	20	50	20	35	33	36	15	37	20	25	
58	74	83	75	89	76	46	87	69	86	80	55	60	83	87	82	66	57	57	41	76	43	100	42	82	70	80	45	71	83	90	71	67	62	71	55	66	69	56	89	28	36	19	27	20	8	6	11	0	22	36	20	57	32	6	33	28	35	34	11	33	46	47	50	52	17	36	23	35	29	30	36	18	28	29	30	17	41	34	27	13	38	15	35	26	9	26	16	24	19	24	47	28	35	29	43	23	31	15	32	
76	89	103	90	101	94	64	104	90	101	98	73	78	101	105	102	84	69	75	59	96	55	120	54	94	88	101	63	86	97	108	89	87	82	91	74	86	89	74	106	48	32	39	35	27	17	27	27	22	0	46	4	39	34	22	15	24	35	32	14	46	48	53	32	35	11	51	26	50	25	13	37	7	34	44	36	37	23	48	47	32	42	34	40	30	30	38	24	41	35	44	29	43	30	39	50	38	13	11	48	
73	99	91	100	114	86	63	103	77	106	90	71	83	91	103	90	82	84	72	64	79	73	108	72	107	86	86	64	96	107	103	81	75	69	74	66	73	77	68	107	39	36	30	14	25	30	32	29	36	46	0	42	62	24	30	51	32	31	34	34	13	75	19	55	58	43	24	25	16	30	44	33	43	57	17	19	43	52	14	44	26	23	31	20	55	38	56	23	50	47	42	57	16	38	58	16	22	53	41	23	
75	90	102	91	103	93	63	104	88	102	98	72	77	100	104	101	83	71	74	58	94	57	119	56	97	87	99	62	87	99	107	88	86	80	89	73	84	88	73	106	46	29	37	32	24	14	25	26	20	4	42	0	37	30	20	13	20	32	29	11	43	51	50	30	33	13	49	22	46	22	10	33	6	37	42	32	36	21	44	45	30	38	33	37	33	28	40	20	39	34	43	27	40	27	42	46	36	11	13	46	
112	127	136	128	140	130	100	141	122	139	135	109	114	136	141	135	120	108	111	95	128	94	153	93	134	124	133	99	124	136	144	125	120	115	123	110	118	122	110	143	77	31	68	49	42	49	61	57	57	39	62	37	0	41	54	31	30	35	32	47	71	87	55	8	10	50	79	38	75	32	28	36	43	74	70	44	73	24	73	79	61	48	64	48	70	65	77	49	76	71	77	11	68	29	79	55	64	36	51	76	
85	102	105	102	116	100	73	114	92	114	105	82	87	106	115	104	93	86	84	68	98	74	122	73	109	97	103	72	99	110	117	95	89	84	93	81	88	91	83	116	44	16	35	12	13	24	32	28	32	34	24	30	41	0	26	32	11	11	14	23	36	72	21	34	37	34	46	9	40	10	25	12	31	58	37	6	45	32	37	49	27	9	34	9	54	40	57	17	52	49	46	36	35	17	59	19	31	38	32	43	
62	78	85	79	93	80	50	91	72	90	84	59	64	86	91	84	70	61	61	45	78	48	102	47	86	74	83	49	75	87	94	75	70	64	73	59	68	72	60	93	27	33	18	21	16	7	7	7	6	22	30	20	54	26	0	33	26	31	31	10	30	50	40	47	50	16	33	19	32	27	30	32	18	32	26	24	21	40	31	29	13	32	14	29	30	13	31	9	29	23	27	46	25	33	33	37	20	31	14	30	
88	103	115	104	116	106	76	117	101	115	110	85	90	113	117	114	96	83	87	71	107	70	132	68	109	100	112	75	100	111	120	101	99	93	102	86	97	101	86	119	59	27	50	37	30	26	38	38	33	15	51	13	31	32	33	0	20	31	28	23	54	62	51	23	26	25	61	26	57	22	7	33	19	49	53	34	49	9	55	58	43	40	45	38	45	41	53	31	52	47	56	20	51	25	54	48	47	12	26	58	
86	102	107	103	116	102	74	115	93	114	107	83	88	108	115	106	94	84	85	69	100	70	124	69	110	98	104	73	99	110	118	97	91	86	94	82	90	93	84	117	49	9	40	19	13	20	32	28	28	24	32	20	30	11	26	20	0	12	9	19	43	66	31	23	26	29	50	9	46	2	13	13	21	52	42	14	45	20	44	51	32	19	35	18	48	37	53	20	51	46	48	25	39	7	55	27	36	26	28	47	
91	108	111	108	122	106	79	120	97	119	111	88	93	112	120	110	99	91	90	74	104	77	128	76	115	103	108	78	104	116	123	101	95	90	98	86	94	97	89	122	50	5	41	19	17	27	38	33	35	35	31	32	35	11	31	31	12	0	5	26	44	75	22	28	30	37	52	12	47	10	25	1	33	61	43	13	51	31	45	55	33	15	39	18	57	44	60	23	58	53	52	33	41	7	62	22	37	37	35	49	
91	108	112	108	122	108	79	120	99	119	112	88	93	113	121	111	99	89	90	74	105	76	129	75	115	103	110	78	104	116	123	102	96	91	100	88	95	99	89	122	53	2	44	21	17	26	37	34	34	32	34	29	32	14	31	28	9	5	0	25	47	74	26	24	27	35	54	12	50	7	21	5	30	59	46	16	51	28	48	56	36	19	41	20	55	43	59	25	57	51	54	30	44	4	61	26	40	34	33	51	
67	83	92	83	97	85	55	96	79	95	90	64	69	92	96	91	75	65	66	50	85	51	109	50	90	79	90	54	80	91	99	80	76	71	80	65	75	79	65	98	36	27	27	23	16	3	16	15	11	14	34	11	47	23	10	23	19	26	25	0	35	49	43	40	42	11	39	14	38	20	20	28	9	34	32	24	26	30	36	36	20	31	22	30	30	19	34	12	32	27	33	36	31	26	36	39	26	22	9	36	
61	90	79	91	105	74	51	91	65	94	78	59	71	79	91	78	70	75	60	52	67	65	96	66	98	74	74	52	87	96	91	69	63	58	62	54	61	65	56	95	27	49	21	26	32	31	27	25	33	46	13	43	71	36	30	54	43	44	47	35	0	69	29	64	67	43	12	35	5	43	51	45	43	51	6	31	35	61	1	35	21	34	22	32	49	33	50	23	42	39	32	66	5	50	52	27	12	54	41	11	
47	52	73	53	61	64	38	71	70	66	69	44	46	71	72	73	54	30	43	33	76	17	93	16	56	56	75	37	51	63	76	59	68	60	72	49	67	64	45	72	53	75	48	68	64	52	47	50	46	48	75	51	87	72	50	62	66	75	74	49	69	0	86	80	82	38	63	63	68	68	60	77	46	20	65	71	35	66	70	47	51	79	49	76	28	39	20	59	32	31	45	76	64	73	18	83	59	55	40	60	
88	111	106	111	125	101	78	119	92	121	106	86	96	107	118	105	97	95	88	77	94	84	123	83	118	101	102	79	107	119	118	96	90	85	89	81	89	92	84	123	53	26	44	21	31	40	42	40	47	53	19	50	55	21	40	51	31	22	26	43	29	86	0	47	50	53	39	28	32	29	44	23	51	68	33	21	54	51	30	57	36	13	42	14	66	49	67	32	61	58	55	54	32	28	69	4	38	57	51	39	
105	120	129	121	133	123	93	134	115	132	128	102	107	129	134	128	113	101	104	88	121	87	145	86	127	117	126	92	117	129	137	118	113	107	116	103	111	115	103	136	70	23	61	42	35	42	53	50	50	32	55	30	8	34	47	23	23	28	24	40	64	80	47	0	4	43	72	31	68	25	21	29	36	67	63	37	66	17	65	72	53	41	57	41	63	58	70	42	69	64	70	13	61	22	72	48	57	29	43	68	
107	123	131	123	136	126	96	136	118	135	130	105	109	132	137	130	116	103	106	91	124	90	148	89	129	120	129	95	120	131	140	120	115	110	119	105	114	117	106	138	73	26	64	44	37	44	56	53	52	35	58	33	10	37	50	26	26	30	27	42	67	82	50	4	0	45	74	33	70	28	24	32	38	69	66	39	68	19	68	75	56	44	60	44	65	60	73	44	72	67	72	15	64	24	74	51	60	32	46	71	
65	79	92	79	90	83	53	94	83	90	88	62	67	90	94	92	73	58	64	48	90	44	112	43	84	77	93	52	75	87	97	78	80	74	85	63	79	81	63	96	43	37	34	34	26	14	22	22	17	11	43	13	50	34	16	25	29	37	35	11	43	38	53	43	45	0	46	25	45	30	23	38	8	24	39	35	30	34	44	42	27	42	29	41	20	24	27	22	32	26	39	39	38	35	29	50	33	23	2	43	
53	83	71	84	98	66	44	84	58	86	71	51	64	72	84	70	62	68	53	45	60	58	88	60	91	66	67	44	80	89	83	61	55	50	54	47	54	57	49	88	20	57	20	36	39	36	30	28	36	51	24	49	79	46	33	61	50	52	54	39	12	63	39	72	74	46	0	43	9	50	58	53	47	45	10	40	30	68	11	28	24	46	25	44	44	32	44	31	37	34	27	73	13	57	46	39	15	61	44	3	
80	97	101	97	111	96	68	109	87	109	100	77	82	101	110	100	88	79	79	63	93	65	118	64	104	92	98	67	94	105	112	90	85	79	88	76	83	87	78	111	41	15	32	11	5	15	26	22	23	26	25	22	38	9	19	26	9	12	12	14	35	63	28	31	33	25	43	0	38	8	19	13	23	49	34	10	40	28	36	44	24	17	29	16	45	32	48	14	46	41	42	33	32	16	50	25	28	31	23	39	
58	88	76	89	103	71	48	89	62	91	76	56	68	77	88	75	67	73	58	49	64	63	93	65	96	71	72	49	85	94	88	66	60	55	59	51	58	62	54	93	24	52	23	30	35	35	29	27	35	50	16	46	75	40	32	57	46	47	50	38	5	68	32	68	70	45	9	38	0	46	54	49	46	50	6	35	35	64	4	33	22	38	24	36	48	35	49	27	41	39	32	69	7	53	51	31	12	57	43	9	
87	103	108	104	117	103	75	116	94	115	108	84	89	109	116	107	95	85	86	70	100	71	125	70	111	99	105	74	100	111	119	98	92	87	95	83	90	94	85	118	49	9	40	17	13	21	33	29	29	25	30	22	32	10	27	22	2	10	7	20	43	68	29	25	28	30	50	8	46	0	15	12	23	54	42	12	46	22	44	51	32	18	36	16	50	38	54	21	52	47	49	27	40	9	56	25	36	28	29	47	
85	100	112	101	113	103	73	114	98	112	108	82	87	110	114	111	93	81	84	69	104	67	129	66	107	97	109	72	97	109	117	98	96	91	99	83	94	98	83	116	56	20	47	30	23	23	35	35	30	13	44	10	28	25	30	7	13	25	21	20	51	60	44	21	24	23	58	19	54	15	0	26	16	47	50	27	46	13	52	56	40	33	42	31	43	38	51	28	50	44	53	18	48	19	52	41	44	13	24	55	
93	109	113	110	124	108	81	121	99	121	112	90	95	113	122	112	101	92	92	76	105	79	129	78	117	105	110	79	106	117	124	102	97	91	100	88	95	99	90	124	52	6	43	20	18	28	39	35	36	37	33	33	36	12	33	33	13	1	5	28	45	77	23	29	32	38	53	13	49	12	26	0	34	62	45	15	52	33	47	56	35	16	41	18	58	45	62	25	60	54	54	34	42	7	64	23	39	39	36	50	
73	87	100	87	98	91	61	102	86	98	95	70	75	98	102	99	81	66	72	56	92	52	117	51	92	85	97	60	83	95	105	86	84	78	87	71	82	86	71	103	44	30	35	32	25	12	23	23	18	7	43	6	43	31	18	19	21	33	30	9	43	46	51	36	38	8	47	23	46	23	16	34	0	32	40	33	34	26	45	43	28	39	31	38	28	26	35	21	37	32	41	32	40	28	37	47	35	17	9	44	
50	58	77	59	68	69	39	77	68	72	73	48	51	75	78	77	59	36	49	34	75	22	97	21	62	62	78	38	57	69	82	63	66	59	70	48	64	67	49	77	34	61	29	50	48	36	28	32	28	34	57	37	74	58	32	49	52	61	59	34	51	20	68	67	69	24	45	49	50	54	47	62	32	0	47	53	17	57	52	30	33	61	31	58	10	20	8	41	18	13	28	63	46	59	7	65	41	47	26	42	
57	86	74	87	101	70	47	87	61	89	74	54	67	75	87	73	65	71	56	48	63	61	91	62	94	69	70	47	83	92	86	64	58	53	58	50	57	61	52	91	23	48	17	28	31	29	23	21	29	44	17	42	70	37	26	53	42	43	46	32	6	65	33	63	66	39	10	34	6	42	50	45	40	47	0	32	31	60	7	31	17	39	18	36	45	29	46	22	38	36	29	65	3	49	48	32	6	53	37	7	
80	96	100	97	111	95	68	108	86	108	99	77	82	100	109	99	88	81	79	63	92	69	116	68	104	92	97	66	93	104	111	89	84	78	87	75	82	86	77	111	39	18	30	6	11	22	28	25	30	36	19	32	44	6	24	34	14	13	16	24	31	71	21	37	39	35	40	10	35	12	27	15	33	53	32	0	39	34	32	43	22	10	28	8	52	35	52	14	47	43	41	39	29	20	54	18	26	40	33	37	
42	59	69	60	73	61	30	71	56	71	65	40	45	67	72	68	51	44	41	26	62	32	86	31	67	55	67	29	56	67	75	55	54	48	57	40	52	56	41	74	19	53	14	35	35	26	15	18	17	37	43	36	73	45	21	49	45	50	51	26	35	35	54	66	68	30	30	40	35	46	46	52	34	17	31	39	0	56	36	15	19	47	15	44	16	8	16	28	9	4	13	62	31	52	18	50	26	47	29	27	
96	111	122	111	124	114	84	124	109	123	118	93	98	120	125	121	104	91	95	79	115	78	139	77	117	108	120	83	108	119	128	108	106	101	110	93	105	108	94	127	66	27	57	39	32	34	46	45	41	23	52	21	24	32	40	9	20	31	28	30	61	66	51	17	19	34	68	28	64	22	13	33	26	57	60	34	56	0	62	66	50	40	53	38	53	49	61	38	60	55	63	13	58	25	62	48	54	13	34	65	
60	90	77	90	104	73	50	90	64	93	77	57	70	78	90	76	68	74	59	51	66	64	94	66	97	72	73	50	86	95	89	67	62	56	61	53	60	64	55	94	26	50	23	28	33	32	28	26	34	48	14	44	73	37	31	55	44	45	48	36	1	70	30	65	68	44	11	36	4	44	52	47	45	52	7	32	36	62	0	34	22	36	23	34	50	35	50	24	43	40	33	67	6	51	53	28	13	55	42	10	
41	67	59	68	82	54	31	71	45	74	58	39	51	59	71	58	50	52	40	32	51	42	76	44	75	54	56	31	64	75	71	49	43	38	46	34	41	45	36	75	9	58	14	39	40	34	24	22	27	47	44	45	79	49	29	58	51	55	56	36	35	47	57	72	75	42	28	44	33	51	56	56	43	30	31	43	15	66	34	0	22	51	15	48	29	17	29	32	19	19	2	72	30	58	31	53	25	56	40	25	
59	76	78	76	90	73	47	88	64	87	78	56	61	79	88	77	67	60	58	42	70	49	95	48	83	71	75	46	72	84	90	68	62	57	65	53	60	64	56	90	17	38	8	18	21	17	7	6	13	32	26	30	61	27	13	43	32	33	36	20	21	51	36	53	56	27	24	24	22	32	40	35	28	33	17	22	19	50	22	22	0	29	7	26	31	14	32	12	26	23	19	55	16	39	34	33	11	41	25	20	
87	104	107	104	118	102	75	116	93	116	107	84	89	108	117	106	95	88	86	70	100	77	124	76	111	99	105	74	101	112	119	97	91	86	95	83	90	93	85	118	46	20	37	12	20	31	36	33	38	42	23	38	48	9	32	40	19	15	19	31	34	79	13	41	44	42	46	17	38	18	33	16	39	61	39	10	47	40	36	51	29	0	36	3	59	42	60	23	54	51	48	44	37	21	62	10	33	46	40	45	
53	70	72	70	84	67	41	82	58	82	71	51	56	72	83	71	62	55	52	36	64	44	88	45	77	66	69	40	67	78	83	61	56	50	59	47	54	58	49	85	14	43	7	24	24	19	9	7	15	34	31	33	64	34	14	45	35	39	41	22	22	49	42	57	60	29	25	29	24	36	42	41	31	31	18	28	15	53	23	15	7	36	0	33	29	15	30	17	22	19	13	57	17	42	32	39	12	44	27	22	
84	101	104	101	115	99	72	113	90	113	104	81	86	105	113	103	92	85	83	67	97	74	121	73	108	96	101	71	97	109	116	94	88	83	92	79	87	90	82	115	43	22	34	8	19	28	32	30	35	40	20	37	48	9	29	38	18	18	20	30	32	76	14	41	44	41	44	16	36	16	31	18	38	58	36	8	44	38	34	48	26	3	33	0	56	39	57	20	51	48	45	43	34	24	59	11	30	44	39	42	
49	62	76	63	74	67	37	78	66	74	71	46	51	74	78	76	57	42	48	32	73	28	96	27	68	61	76	36	59	71	81	62	64	58	68	47	63	65	47	79	33	57	28	48	46	34	27	30	26	30	55	33	70	54	30	45	48	57	55	30	49	28	66	63	65	20	44	45	48	50	43	58	28	10	45	52	16	53	50	29	31	59	29	56	0	19	11	40	17	12	26	59	44	55	13	63	40	43	22	41	
48	65	74	65	79	67	36	77	60	77	71	46	51	73	78	73	57	49	47	31	66	36	91	35	72	61	71	35	62	73	81	61	58	53	61	46	56	60	47	80	21	45	16	31	29	18	8	13	9	30	38	28	65	40	13	41	37	44	43	19	33	39	49	58	60	24	32	32	35	38	38	45	26	20	29	35	8	49	35	17	14	42	15	39	19	0	19	23	15	12	15	54	29	44	22	46	24	39	22	28	
44	57	71	58	69	62	32	72	61	69	66	41	46	69	73	71	52	37	43	27	68	23	91	22	63	56	71	31	54	66	76	57	59	53	63	42	58	60	42	74	33	61	28	48	47	35	27	31	26	38	56	40	77	57	31	53	53	60	59	34	50	20	67	70	73	27	44	48	49	54	51	62	35	8	46	52	16	61	50	29	32	60	30	57	11	19	0	40	15	12	27	67	45	60	2	64	40	51	29	41	
68	85	89	86	100	84	56	97	75	97	88	66	71	90	98	88	77	70	67	52	81	57	106	56	93	81	86	55	82	93	101	79	73	68	76	64	71	75	67	100	29	28	20	11	9	9	15	10	16	24	23	20	49	17	9	31	20	23	25	12	23	59	32	42	44	22	31	14	27	21	28	25	21	41	22	14	28	38	24	32	12	23	17	20	40	23	40	0	35	32	30	43	20	27	42	29	16	31	20	28	
40	57	67	57	71	59	28	69	57	69	63	37	42	65	70	67	48	41	39	23	63	30	87	29	64	53	67	27	54	65	73	53	54	49	58	38	53	56	39	71	26	59	21	43	43	33	23	25	24	41	50	39	76	52	29	52	51	58	57	32	42	32	61	69	72	32	37	46	41	52	50	59	37	18	38	47	9	60	43	19	26	54	22	51	17	15	15	35	0	8	17	66	38	58	17	58	33	51	31	34	
43	59	70	59	73	62	32	72	60	70	66	41	45	68	72	70	52	42	42	27	66	28	90	27	66	56	71	31	55	67	76	56	58	52	61	41	56	60	42	74	23	54	18	39	39	28	19	22	19	35	47	34	71	49	23	47	46	53	51	27	39	31	58	64	67	26	34	41	39	47	44	54	32	13	36	43	4	55	40	19	23	51	19	48	12	12	12	32	8	0	17	61	35	53	14	54	30	45	26	31	
41	65	59	65	79	54	31	72	45	74	59	39	50	60	71	58	50	49	41	31	51	39	76	41	72	54	56	32	61	73	71	49	43	38	46	34	41	45	37	75	9	56	11	37	37	32	21	20	24	44	42	43	77	46	27	56	48	52	54	33	32	45	55	70	72	39	27	42	32	49	53	54	41	28	29	41	13	63	33	2	19	48	13	45	26	15	27	30	17	17	0	69	28	55	29	50	23	54	37	24	
101	117	128	117	130	120	90	130	114	129	124	99	103	126	131	127	110	97	100	85	121	84	145	83	123	114	125	89	114	125	134	114	112	107	116	99	111	114	100	132	71	29	62	43	37	40	52	50	47	29	57	27	11	36	46	20	25	33	30	36	66	76	54	13	15	39	73	33	69	27	18	34	32	63	65	39	62	13	67	72	55	44	57	43	59	54	67	43	66	61	69	0	63	27	68	52	59	26	40	70	
59	85	77	86	100	73	50	90	64	92	77	57	70	78	90	76	68	70	59	51	66	60	94	61	93	72	73	50	82	94	89	67	61	56	60	53	60	63	55	94	26	46	17	26	28	28	22	20	28	43	16	40	68	35	25	51	39	41	44	31	5	64	32	61	64	38	13	32	7	40	48	42	40	46	3	29	31	58	6	30	16	37	17	34	44	29	45	20	38	35	28	63	0	46	47	30	7	51	36	10	
93	109	114	110	123	109	81	121	100	121	114	90	95	115	122	113	101	91	92	76	107	77	131	76	117	105	111	80	106	117	125	104	98	93	101	89	97	100	91	124	56	2	47	25	20	27	39	35	35	30	38	27	29	17	33	25	7	7	4	26	50	73	28	22	24	35	57	16	53	9	19	7	28	59	49	20	52	25	51	58	39	21	42	24	55	44	60	27	58	53	55	27	46	0	62	28	43	31	35	54	
45	56	72	57	67	63	33	73	62	70	67	42	47	70	74	72	53	35	44	28	69	21	92	20	60	57	72	32	55	67	77	58	60	54	64	43	58	61	43	75	35	63	31	51	49	37	29	33	29	39	58	42	79	59	33	54	55	62	61	36	52	18	69	72	74	29	46	50	51	56	52	64	37	7	48	54	18	62	53	31	34	62	32	59	13	22	2	42	17	14	29	68	47	62	0	66	42	52	31	43	
88	107	105	108	122	101	78	118	92	119	105	85	93	106	118	104	96	92	87	74	94	80	122	79	115	100	101	78	104	116	117	95	89	84	89	81	88	92	83	122	48	27	39	18	28	37	39	36	43	50	16	46	55	19	37	48	27	22	26	39	27	83	4	48	51	50	39	25	31	25	41	23	47	65	32	18	50	48	28	53	33	10	39	11	63	46	64	29	58	54	50	52	30	28	66	0	34	54	48	38	
61	80	79	81	95	74	51	91	65	92	78	59	66	79	91	78	70	65	61	47	67	55	96	56	88	74	74	51	77	89	91	69	63	58	62	54	61	65	57	95	21	42	12	22	25	23	17	15	23	38	22	36	64	31	20	47	36	37	40	26	12	59	38	57	60	33	15	28	12	36	44	39	35	41	6	26	26	54	13	25	11	33	12	30	40	24	40	16	33	30	23	59	7	43	42	34	0	47	31	12	
86	101	113	102	113	104	74	115	99	113	109	83	88	111	115	112	94	81	85	69	105	67	130	66	107	98	110	73	98	110	118	99	97	92	100	84	95	99	84	117	57	33	48	41	34	26	37	37	31	13	53	11	36	38	31	12	26	37	34	22	54	55	57	29	32	23	61	31	57	28	13	39	17	47	53	40	47	13	55	56	41	46	44	44	43	39	51	31	51	45	54	26	51	31	52	54	47	0	24	58	
66	81	93	81	92	85	55	95	82	92	89	64	68	91	95	93	75	60	65	50	89	46	113	45	86	79	93	53	77	89	99	79	80	75	84	64	79	82	65	97	41	35	31	32	24	12	20	20	15	11	41	13	51	32	14	26	28	35	33	9	41	40	51	43	46	2	44	23	43	29	24	36	9	26	37	33	29	34	42	40	25	40	27	39	22	22	29	20	31	26	37	40	36	35	31	48	31	24	0	41	
50	80	68	81	95	63	41	81	54	83	68	48	61	69	80	67	59	65	50	42	56	55	85	57	88	63	64	41	77	86	80	58	52	47	51	43	51	54	46	85	17	53	17	33	36	33	27	25	32	48	23	46	76	43	30	58	47	49	51	36	11	60	39	68	71	43	3	39	9	47	55	50	44	42	7	37	27	65	10	25	20	45	22	42	41	28	41	28	34	31	24	70	10	54	43	38	12	58	41	0	
