0	39	34	10	7	4	46	20	26	11	15	2	45	12	39	27	8	32	21	37	35	22	45	36	19	14	46	7	7	39	6	34	39	6	45	27	21	4	7	23	40	12	3	5	3	14	40	17	40	40	46	13	20	27	19	44	2	53	7	22	25	29	47	42	44	43	29	31	41	17	39	27	49	21	24	33	38	47	41	51	41	45	44	18	41	52	35	32	20	30	49	29	24	36	39	35	44	45	44	47	
39	0	5	30	32	39	11	30	15	31	29	38	10	38	4	15	34	30	18	6	4	21	17	18	20	28	11	32	32	16	36	8	19	42	10	22	19	38	32	17	21	38	39	39	41	42	5	28	5	6	11	28	20	23	25	9	41	18	32	27	14	12	59	49	53	59	54	46	50	50	49	44	44	41	43	36	45	46	44	62	30	53	46	38	60	45	52	35	38	41	52	48	41	44	31	43	53	15	19	18	
34	5	0	26	27	35	16	28	10	26	25	34	11	34	9	10	29	28	13	7	2	16	22	16	15	23	16	27	27	21	32	6	24	39	11	20	14	33	27	11	25	34	35	35	37	39	6	24	6	10	12	23	15	21	22	13	36	22	27	25	9	6	61	50	53	59	52	44	50	47	49	42	49	37	41	36	46	48	45	66	35	55	47	35	59	49	50	35	36	39	56	45	39	44	33	43	53	20	23	23	
10	30	26	0	3	11	38	18	18	6	13	9	36	12	31	18	7	30	12	28	27	14	40	29	11	8	38	3	3	36	8	26	36	15	37	25	13	9	3	14	38	11	10	11	13	17	31	10	31	31	38	6	11	24	13	36	12	44	3	20	17	20	48	43	45	44	35	32	42	26	40	28	48	19	25	32	39	47	42	53	40	47	44	16	43	51	36	31	17	31	50	31	25	37	38	36	45	38	41	41	
7	32	27	3	0	8	39	20	19	5	15	7	38	12	32	20	3	32	14	30	28	15	41	32	12	8	39	1	1	39	5	27	39	13	38	27	14	6	1	15	40	12	8	10	10	17	33	13	33	33	39	6	13	27	16	37	9	46	1	22	18	22	49	44	47	45	36	33	43	24	42	29	51	22	26	35	40	49	43	53	43	48	46	19	43	53	38	33	20	33	52	32	26	38	40	37	46	39	43	42	
4	39	35	11	8	0	47	24	27	9	19	1	44	16	40	26	6	36	21	37	36	20	48	37	20	12	47	8	8	42	3	32	42	6	45	31	22	2	8	23	44	16	1	9	7	17	38	18	38	40	46	12	21	30	21	45	6	53	8	26	26	29	50	46	48	45	29	34	44	20	43	30	52	25	27	37	41	51	44	55	45	49	48	22	43	55	39	36	23	34	53	33	27	40	42	38	47	47	48	50	
46	11	16	38	39	47	0	38	25	39	36	46	8	46	7	26	42	34	29	10	15	31	18	25	28	36	4	39	39	20	44	18	23	50	8	30	29	45	39	28	24	46	47	47	48	49	13	35	13	11	9	36	27	30	33	3	48	7	39	35	25	22	60	51	55	62	61	51	53	57	53	51	46	48	50	41	50	47	47	64	33	54	48	45	64	46	57	39	45	47	53	54	48	49	34	47	56	18	18	15	
20	30	28	18	20	24	38	0	19	23	6	22	38	9	31	21	23	13	15	28	29	17	26	17	13	22	38	20	20	20	24	30	19	18	39	8	15	23	20	16	21	9	23	15	17	13	33	10	33	28	40	22	13	8	6	36	18	37	20	3	19	22	41	29	33	38	29	22	30	21	28	20	33	11	18	18	25	32	27	47	25	34	29	9	37	36	29	16	10	18	36	23	17	23	23	22	32	26	25	28	
26	15	10	18	19	27	25	19	0	18	16	26	20	25	18	3	21	26	6	15	11	8	27	17	7	16	25	19	19	24	24	12	26	30	21	15	6	25	19	4	28	25	27	26	28	30	16	15	16	18	22	16	7	15	13	23	28	31	19	17	1	4	55	43	47	52	45	36	44	38	42	35	48	28	34	32	39	46	41	61	34	48	43	26	51	50	43	30	27	32	51	38	31	37	32	36	46	25	28	28	
11	31	26	6	5	9	39	23	18	0	18	11	35	16	32	17	3	35	13	29	27	11	41	31	11	3	39	5	5	38	6	23	40	15	36	29	13	7	5	14	42	16	10	14	14	21	29	15	29	32	37	3	15	29	18	37	13	45	5	25	17	21	52	48	50	48	39	36	47	28	45	33	53	24	29	37	43	52	47	57	45	51	49	21	47	56	41	36	22	36	55	35	29	42	43	41	49	39	43	42	
15	29	25	13	15	19	36	6	16	18	0	17	36	9	29	18	18	19	12	27	27	14	30	21	11	17	36	15	15	24	19	27	24	14	36	13	12	18	15	14	25	9	18	10	12	14	31	4	31	30	37	17	10	12	4	34	13	41	15	8	17	20	43	35	38	39	30	25	35	22	33	21	39	12	19	23	30	38	32	48	31	39	34	10	38	42	30	22	11	23	42	24	18	29	28	27	38	30	30	32	
2	38	34	9	7	1	46	22	26	11	17	0	44	14	39	26	8	34	20	36	35	21	47	36	19	13	46	7	7	41	5	34	41	6	45	29	21	3	7	22	42	14	1	7	5	16	39	17	39	39	46	12	20	29	20	44	4	52	7	25	25	28	49	44	46	45	30	33	43	20	41	29	51	24	26	36	40	50	43	53	43	48	46	21	43	54	37	35	22	32	52	32	26	38	41	37	46	46	46	49	
45	10	11	36	38	44	8	38	20	35	36	44	0	45	9	20	38	39	24	15	9	25	24	27	25	33	7	38	38	26	41	12	29	49	2	31	25	43	38	22	30	45	45	46	48	50	7	35	7	16	1	34	26	31	32	5	47	14	38	36	19	17	67	58	62	68	63	55	60	58	58	53	52	48	52	46	55	53	53	70	39	60	54	46	70	52	61	44	47	50	60	56	49	53	40	52	62	24	24	22	
12	38	34	12	12	16	46	9	25	16	9	14	45	0	38	27	15	20	21	36	36	23	34	25	20	18	46	12	12	28	16	36	28	10	45	16	22	15	12	23	29	1	15	7	9	6	40	11	40	36	46	16	19	16	13	43	10	45	12	12	26	29	37	32	34	33	23	21	31	14	29	17	39	10	13	23	28	37	31	41	31	35	34	7	31	41	25	21	8	20	39	19	14	26	28	25	34	34	33	36	
39	4	9	31	32	40	7	31	18	32	29	39	9	38	0	18	35	30	22	6	7	24	18	18	21	29	7	32	32	17	37	11	19	43	10	23	22	38	32	20	21	38	40	39	41	42	9	28	9	6	11	29	20	23	26	5	41	14	32	27	17	14	60	49	54	59	54	46	51	50	49	44	45	41	44	36	46	46	45	63	31	53	47	38	61	45	53	35	38	42	53	48	41	44	32	43	53	16	19	17	
27	15	10	18	20	26	26	21	3	17	18	26	20	27	18	0	20	28	6	17	12	6	30	20	7	14	25	20	20	27	22	9	29	32	20	18	6	24	20	4	31	27	26	28	30	32	13	17	13	20	21	15	8	18	15	23	29	32	20	19	2	5	58	46	50	55	47	39	46	40	45	37	50	31	36	35	42	49	44	63	37	51	46	28	54	53	45	33	29	35	53	41	34	40	34	39	49	28	31	30	
8	34	29	7	3	6	42	23	21	3	18	8	38	15	35	20	0	35	15	32	30	14	44	34	14	6	42	3	3	41	3	26	42	12	38	30	16	4	3	17	43	15	7	12	11	19	32	17	32	35	40	5	16	30	19	40	10	48	3	26	20	24	51	47	49	47	36	35	45	26	44	32	53	25	28	38	42	52	46	56	46	50	49	22	45	56	40	36	23	35	54	34	28	41	43	39	48	42	45	45	
32	30	28	30	32	36	34	13	26	35	19	34	39	20	30	28	35	0	27	26	30	29	19	14	26	34	37	32	32	14	36	31	14	30	39	11	27	35	32	26	12	20	35	27	29	21	35	22	35	24	40	34	23	11	19	35	30	32	32	13	27	27	35	23	27	32	29	19	24	27	22	19	26	17	18	11	18	25	20	40	13	28	22	15	33	29	25	9	15	14	30	22	16	17	11	16	26	20	18	20	
21	18	13	12	14	21	29	15	6	13	12	20	24	21	22	6	15	27	0	19	15	3	31	21	1	10	29	14	14	28	18	15	30	25	24	19	1	20	14	2	32	21	21	22	24	26	19	11	19	22	25	10	5	20	8	27	23	35	14	16	5	8	55	43	47	51	42	36	43	34	41	33	47	24	31	31	38	46	41	60	39	48	43	22	50	50	42	30	23	31	50	36	30	37	36	36	46	29	33	32	
37	6	7	28	30	37	10	28	15	29	27	36	15	36	6	17	32	26	19	0	6	22	16	16	18	27	13	30	30	15	34	11	18	40	15	20	20	36	30	18	19	36	37	37	39	40	10	26	10	3	16	27	18	21	23	11	39	17	30	25	15	12	58	46	50	55	52	43	47	48	46	42	43	39	41	33	42	44	42	61	29	51	43	36	57	44	49	32	36	39	51	46	39	41	29	40	50	14	18	17	
35	4	2	27	28	36	15	29	11	27	27	35	9	36	7	12	30	30	15	6	0	17	21	18	16	25	14	28	28	20	33	5	22	40	10	22	15	35	28	13	24	36	36	37	39	41	5	26	5	9	11	25	16	22	23	12	38	21	28	26	10	8	63	51	55	60	54	45	52	48	50	44	48	39	43	38	47	49	46	66	34	56	48	36	60	48	52	37	37	41	56	47	40	46	34	44	54	19	22	21	
22	21	16	14	15	20	31	17	8	11	14	21	25	23	24	6	14	29	3	22	17	0	34	24	4	8	30	15	15	31	17	13	33	26	25	22	2	18	15	4	34	23	21	24	25	28	18	13	18	25	26	10	8	22	11	28	24	38	15	18	7	11	57	45	49	54	44	38	46	36	44	36	50	27	34	34	41	48	43	62	41	50	45	24	52	52	44	32	25	34	53	38	32	39	38	38	48	32	35	34	
46	17	22	40	41	49	18	26	27	41	31	48	24	35	18	30	44	19	31	16	21	34	0	15	30	38	21	41	41	8	46	25	7	44	24	18	31	47	41	30	8	35	49	41	42	37	22	34	22	13	26	38	29	19	31	19	44	14	41	23	28	26	44	35	39	45	46	35	37	45	37	37	29	35	37	25	34	30	30	47	16	37	31	33	47	29	41	24	32	31	37	38	34	32	17	32	39	2	1	2	
36	18	16	29	32	37	25	17	17	31	21	36	27	25	18	20	34	14	21	16	18	24	16	0	20	29	26	32	32	10	36	19	9	34	27	9	22	36	32	20	11	25	37	31	33	28	22	25	22	15	28	29	19	9	21	24	34	24	32	13	18	16	45	34	37	43	40	31	34	36	33	30	33	27	29	20	29	32	29	50	19	39	31	24	44	36	36	19	24	26	40	33	27	28	16	27	37	13	15	16	
19	20	15	11	12	20	28	13	7	11	11	19	25	20	21	7	14	26	1	18	16	4	30	20	0	9	28	12	12	27	17	16	29	24	26	18	2	18	12	3	31	20	20	21	23	25	20	10	20	21	27	9	4	18	7	26	21	34	12	15	6	9	54	42	45	50	41	35	42	32	40	32	46	23	30	30	37	45	40	58	37	47	41	20	48	49	40	29	21	30	49	35	29	36	35	34	45	28	31	31	
14	28	23	8	8	12	36	22	16	3	17	13	33	18	29	14	6	34	10	27	25	8	39	29	9	0	36	8	8	36	9	20	38	18	33	27	10	10	8	12	39	18	13	17	17	24	26	14	26	30	34	2	12	27	16	34	16	43	8	23	15	18	55	48	50	51	41	37	47	31	45	33	53	24	31	37	44	52	47	59	45	51	49	21	49	56	41	36	22	36	55	35	30	42	43	41	50	37	40	39	
46	11	16	38	39	47	4	38	25	39	36	46	7	46	7	25	42	37	29	13	14	30	21	26	28	36	0	39	39	23	44	18	26	50	7	30	29	45	39	27	27	46	47	47	48	50	12	35	12	14	6	36	27	30	33	2	48	8	39	35	24	22	64	55	59	65	62	53	57	58	56	52	49	48	51	44	53	50	50	67	36	57	51	45	67	49	60	43	46	49	57	55	48	52	37	50	59	21	21	19	
7	32	27	3	1	8	39	20	19	5	15	7	38	12	32	20	3	32	14	30	28	15	41	32	12	8	39	0	1	39	5	27	39	13	38	27	14	6	1	15	40	12	8	10	10	17	33	13	33	32	39	6	13	27	16	37	9	46	1	22	18	22	49	44	47	45	36	33	43	25	42	29	51	22	26	35	40	49	43	53	43	48	46	19	43	53	38	33	20	32	52	32	26	38	40	37	46	39	43	42	
7	32	27	3	1	8	39	20	19	5	15	7	38	12	32	20	3	32	14	30	28	15	41	32	12	8	39	1	0	39	5	27	39	13	38	27	14	6	1	15	40	12	8	10	10	17	33	13	33	32	39	6	13	27	16	37	9	46	1	22	18	22	49	44	47	45	36	33	43	25	42	29	51	22	26	35	40	49	43	53	43	48	46	19	43	53	38	33	20	32	52	32	26	38	40	37	46	39	43	42	
39	16	20	35	36	42	20	20	22	36	24	41	26	28	17	25	39	14	26	14	20	29	8	10	25	34	23	36	36	0	41	23	3	37	26	12	27	42	36	25	4	28	42	34	36	30	21	28	21	12	27	34	24	12	24	21	37	18	36	16	23	21	43	33	38	43	42	31	35	38	33	32	30	29	31	21	30	30	28	48	14	36	30	26	45	30	37	20	26	27	38	34	29	29	15	27	37	6	8	9	
6	36	32	8	5	3	44	24	24	6	19	5	41	16	37	22	3	36	18	34	33	17	46	36	17	9	44	5	5	43	0	29	43	9	41	31	19	1	5	20	44	16	4	11	9	19	35	18	35	37	42	9	18	31	21	42	8	50	5	27	23	26	52	48	50	48	33	36	47	23	45	33	54	26	29	39	43	53	47	57	47	51	50	23	46	57	41	37	24	36	55	35	29	42	44	40	49	44	47	47	
34	8	6	26	27	32	18	30	12	23	27	34	12	36	11	9	26	31	15	11	5	13	25	19	16	20	18	27	27	24	29	0	27	38	13	23	15	30	27	13	28	36	33	37	37	41	6	26	6	14	14	22	17	23	23	16	36	25	27	28	11	9	64	52	56	62	55	46	53	49	52	45	52	39	44	39	48	51	48	69	38	57	50	37	61	52	53	38	38	42	59	48	41	47	35	46	56	23	26	26	
39	18	22	36	38	42	22	19	24	38	24	41	28	28	19	27	41	14	28	16	22	31	6	9	27	36	25	38	38	3	43	25	0	37	28	11	29	42	38	27	2	28	42	34	35	30	23	27	23	14	29	36	26	12	24	23	37	20	38	16	25	23	40	30	35	41	41	30	32	38	32	32	27	28	31	20	29	27	25	45	11	34	27	26	43	27	36	19	26	26	35	33	28	28	12	27	35	7	6	8	
6	42	39	15	13	6	50	18	30	15	14	6	49	10	43	32	12	30	25	40	40	26	43	34	24	18	50	13	13	37	9	38	37	0	50	25	26	8	13	27	38	10	5	3	3	11	44	15	44	43	51	18	24	25	17	48	4	54	13	21	30	33	44	40	42	39	24	28	39	15	37	25	46	19	21	31	35	45	39	49	39	43	42	16	37	49	33	30	17	28	47	27	21	34	36	33	41	43	42	45	
45	10	11	37	38	45	8	39	21	36	36	45	2	45	10	20	38	39	24	15	10	25	24	27	26	33	7	38	38	26	41	13	29	50	0	31	25	43	38	23	30	45	45	46	48	50	7	35	7	16	3	34	26	32	33	5	47	14	38	36	20	17	67	58	62	68	63	55	60	58	58	53	52	49	52	46	55	53	53	70	39	60	54	46	70	52	61	45	47	50	60	57	50	54	40	52	62	24	24	22	
27	22	20	25	27	31	30	8	15	29	13	29	31	16	23	18	30	11	19	20	22	22	18	9	18	27	30	27	27	12	31	23	11	25	31	0	20	30	27	18	13	16	30	22	24	20	27	16	27	20	32	27	15	1	12	28	25	29	27	5	16	17	43	31	34	39	32	24	31	28	29	22	33	18	21	19	26	33	28	48	20	35	30	15	39	36	30	18	16	19	38	25	18	25	17	23	34	18	17	20	
21	19	14	13	14	22	29	15	6	13	12	21	25	22	22	6	16	27	1	20	15	2	32	22	2	10	29	14	14	29	19	15	31	26	25	20	0	20	14	2	32	22	22	23	24	26	19	11	19	23	26	10	5	20	9	27	23	36	14	16	5	9	55	43	47	52	42	36	44	34	42	34	48	25	31	32	39	46	41	60	39	48	43	22	50	50	42	30	23	32	51	36	30	37	36	36	46	30	33	32	
4	38	33	9	6	2	45	23	25	7	18	3	43	15	38	24	4	35	20	36	35	18	47	36	18	10	45	6	6	42	1	30	42	8	43	30	20	0	6	22	43	15	2	9	8	18	36	17	36	39	44	10	19	30	20	43	6	52	6	25	24	28	51	46	49	47	31	35	45	22	43	31	53	24	28	38	42	52	45	55	45	50	49	22	45	56	40	36	23	34	54	34	28	40	43	39	48	45	47	48	
7	32	27	3	1	8	39	20	19	5	15	7	38	12	32	20	3	32	14	30	28	15	41	32	12	8	39	1	1	39	5	27	39	13	38	27	14	6	0	15	40	12	8	10	10	17	33	13	33	32	39	6	13	27	16	37	9	46	1	22	18	22	49	44	47	45	36	33	43	25	41	29	51	22	26	35	40	49	43	53	43	48	46	19	43	53	38	33	20	32	52	32	26	38	40	37	46	39	43	42	
23	17	11	14	15	23	28	16	4	14	14	22	22	23	20	4	17	26	2	18	13	4	30	20	3	12	27	15	15	27	20	13	29	27	23	18	2	22	15	0	30	23	23	24	26	28	17	13	17	21	24	12	4	18	10	25	25	34	15	14	3	6	55	43	46	52	44	36	43	36	41	34	47	26	33	31	38	46	41	60	37	48	42	23	51	50	42	30	24	31	50	37	31	37	34	35	46	28	31	30	
40	20	24	38	40	44	23	21	26	40	25	42	29	29	20	28	43	12	30	18	23	32	8	11	29	37	27	40	40	4	44	27	2	38	30	13	30	43	40	28	0	29	43	35	37	30	25	29	25	15	31	37	28	13	25	25	38	21	40	18	27	24	39	29	34	39	40	29	31	38	31	31	26	28	30	19	28	26	24	44	10	32	26	25	41	27	35	18	25	25	34	32	28	26	11	25	33	9	7	10	
12	38	34	11	12	16	46	9	25	16	9	14	45	1	38	27	15	20	21	36	36	23	34	25	20	18	46	12	12	28	16	36	28	10	45	16	22	15	12	23	29	0	15	7	9	6	40	11	40	36	46	16	19	16	13	43	10	45	12	12	26	29	37	32	34	33	23	21	31	14	29	17	39	10	14	23	28	38	31	41	31	36	34	7	31	42	25	22	8	20	39	20	14	26	28	25	34	34	33	36	
3	39	35	10	8	1	47	23	27	10	18	1	45	15	40	26	7	35	21	37	36	21	48	37	20	13	47	8	8	42	4	33	42	5	45	30	22	2	8	23	43	15	0	8	7	16	39	18	39	40	46	12	21	30	21	45	5	53	8	26	26	29	49	45	47	44	29	33	44	20	42	30	52	24	26	36	40	50	44	54	44	48	47	21	42	54	38	35	22	33	52	32	26	39	42	38	47	47	47	50	
5	39	35	11	10	9	47	15	26	14	10	7	46	7	39	28	12	27	22	37	37	24	40	31	21	17	47	10	10	34	11	37	34	3	46	22	23	9	10	24	35	7	8	0	2	10	41	12	41	40	47	16	20	22	14	45	3	51	10	17	27	30	42	38	40	38	27	26	37	15	35	23	44	16	19	29	33	43	37	47	37	41	40	14	37	47	31	28	15	26	45	25	19	32	34	30	39	40	39	42	
3	41	37	13	10	7	48	17	28	14	12	5	48	9	41	30	11	29	24	39	39	25	41	33	23	17	48	10	10	36	9	37	35	3	48	24	24	8	10	26	37	9	7	2	0	10	43	13	43	42	49	16	22	23	16	46	1	53	10	19	28	32	43	39	41	39	26	27	38	14	36	24	45	18	20	30	34	44	38	48	38	42	41	15	38	48	32	29	16	27	46	26	20	33	35	32	40	41	41	44	
14	42	39	17	17	17	49	13	30	21	14	16	50	6	42	32	19	21	26	40	41	28	36	28	25	24	50	17	17	30	19	41	30	11	50	20	26	18	17	28	30	6	16	10	10	0	45	16	45	39	51	22	24	19	18	48	12	48	17	15	31	34	35	31	33	32	22	19	30	10	28	16	38	10	12	22	26	36	30	40	30	34	33	7	30	40	24	21	8	19	38	18	12	25	28	24	32	36	36	38	
40	5	6	31	33	38	13	33	16	29	31	39	7	40	9	13	32	35	19	10	5	18	22	22	20	26	12	33	33	21	35	6	24	44	7	27	19	36	33	17	26	40	39	41	43	45	0	30	1	11	8	28	21	27	27	10	42	20	33	31	15	12	64	54	58	64	58	50	55	53	54	48	49	43	47	41	50	51	49	67	35	58	51	41	65	50	56	40	42	45	57	52	45	49	36	48	58	20	24	23	
17	28	24	10	13	18	35	10	15	15	4	17	35	11	28	17	17	22	11	26	26	13	34	25	10	14	35	13	13	28	18	26	27	15	35	16	11	17	13	13	29	11	18	12	13	16	30	0	30	29	36	14	9	16	4	33	15	42	13	11	15	19	45	38	41	41	32	27	37	24	36	23	42	14	21	26	33	41	36	50	34	42	38	12	40	45	32	25	13	26	45	26	20	32	31	31	40	34	33	36	
40	5	6	31	33	38	13	33	16	29	31	39	7	40	9	13	32	35	19	10	5	18	22	22	20	26	12	33	33	21	35	6	24	44	7	27	19	36	33	17	26	40	39	41	43	45	1	30	0	11	8	28	21	27	27	10	42	20	33	31	15	12	64	54	58	64	58	50	55	53	54	48	49	43	47	41	50	51	49	67	35	58	51	41	65	50	56	40	42	45	57	52	45	49	36	48	58	20	24	23	
40	6	10	31	33	40	11	28	18	32	30	39	16	36	6	20	35	24	22	3	9	25	13	15	21	30	14	32	32	12	37	14	15	43	16	20	23	39	32	21	17	36	40	40	42	39	11	29	11	0	17	30	21	20	26	12	42	17	32	24	18	15	55	44	48	53	51	41	45	47	43	41	41	37	40	30	40	42	39	59	26	49	41	35	55	41	47	29	35	37	48	44	37	38	27	37	47	11	15	14	
46	11	12	38	39	46	9	40	22	37	37	46	1	46	11	21	40	40	25	16	11	26	26	28	27	34	6	39	39	27	42	14	30	51	3	32	26	44	39	24	31	46	46	47	49	51	8	36	8	17	0	35	27	33	34	7	48	13	39	37	21	18	68	59	63	69	64	56	61	59	60	54	53	50	53	47	56	54	54	71	40	62	56	47	71	54	62	46	48	51	61	58	51	55	42	54	64	26	26	23	
13	28	23	6	6	12	36	22	16	3	17	12	34	16	29	15	5	34	10	27	25	10	39	29	9	2	36	6	6	36	9	22	38	18	34	27	10	10	6	12	39	16	12	16	16	22	28	14	28	30	35	0	12	27	16	34	15	43	6	23	15	18	53	47	49	49	39	36	46	30	44	32	52	23	30	36	43	51	46	57	44	50	48	20	47	55	40	35	21	35	54	34	29	41	42	40	49	36	40	39	
20	20	15	11	13	21	27	13	7	15	10	20	26	19	20	8	16	23	5	18	16	8	29	19	4	12	27	13	13	27	18	17	27	24	26	15	5	19	13	4	28	19	21	20	22	24	21	9	21	21	27	12	0	15	7	25	22	34	13	11	6	10	51	39	43	48	40	32	39	32	38	30	43	23	29	28	35	42	37	56	34	44	39	20	47	46	38	26	21	27	46	34	27	33	32	32	42	27	31	30	
27	23	21	24	27	30	30	8	15	29	12	29	31	16	23	18	30	11	20	21	22	22	18	9	18	27	30	27	27	12	31	23	12	25	32	1	20	30	27	18	13	16	30	22	23	19	27	16	27	20	33	27	15	0	12	28	25	29	27	4	16	17	42	30	34	39	31	23	31	27	29	21	34	18	20	19	26	33	28	48	20	35	30	15	38	36	29	17	15	19	37	25	18	24	17	23	33	18	17	20	
19	25	22	13	16	21	33	6	13	18	4	20	32	13	26	15	19	19	8	23	23	11	30	21	7	16	33	16	16	24	21	23	24	17	33	12	9	20	16	10	25	13	21	14	16	18	27	4	27	26	34	16	7	12	0	31	17	39	16	8	13	16	46	34	38	43	34	27	35	25	33	25	39	16	23	23	30	37	32	51	31	39	34	13	41	42	33	21	14	23	42	27	21	28	28	27	37	30	30	32	
44	9	13	36	37	45	3	36	23	37	34	44	5	43	5	23	40	35	27	11	12	28	19	24	26	34	2	37	37	21	42	16	24	48	5	28	27	43	37	25	25	43	45	45	46	48	10	33	10	12	7	34	25	28	31	0	46	10	37	33	22	20	62	53	56	63	60	51	55	55	54	50	47	46	49	42	51	48	48	65	34	55	49	43	65	47	58	40	43	47	55	53	46	50	35	48	57	19	19	17	
2	41	36	12	9	6	48	18	28	13	13	4	47	10	41	29	10	30	23	39	38	24	43	34	21	16	48	9	9	37	8	36	37	4	47	25	23	6	9	25	38	10	5	3	1	12	42	15	42	42	48	15	22	25	17	46	0	54	9	20	27	31	45	40	42	41	27	29	39	15	37	25	47	19	21	31	36	45	39	49	39	43	42	16	39	49	33	30	18	28	47	27	22	34	37	33	42	43	42	45	
53	18	22	44	46	53	7	37	31	45	41	52	14	45	14	32	48	32	35	17	21	38	14	24	34	43	8	46	46	18	50	25	20	54	14	29	36	52	46	34	21	45	53	51	53	48	20	42	20	17	13	43	34	29	39	10	54	0	46	34	31	28	56	48	51	58	59	48	50	55	50	49	42	46	48	38	47	43	43	59	29	50	44	43	60	42	54	37	43	44	49	51	46	45	30	44	52	14	14	12	
7	32	27	3	1	8	39	20	19	5	15	7	38	12	32	20	3	32	14	30	28	15	41	32	12	8	39	1	1	39	5	27	39	13	38	27	14	6	1	15	40	12	8	10	10	17	33	13	33	32	39	6	13	27	16	37	9	46	0	22	18	22	49	44	47	45	36	33	43	24	42	29	51	22	26	35	40	49	43	53	43	48	46	19	43	53	38	33	20	32	52	32	26	38	40	37	46	39	43	42	
22	27	25	20	22	26	35	3	17	25	8	25	36	12	27	19	26	13	16	25	26	18	22	13	15	23	35	22	22	16	27	28	16	21	36	5	16	25	22	14	18	12	26	17	19	15	31	11	31	24	37	23	11	4	8	33	20	34	22	0	17	20	42	30	33	38	31	23	30	23	28	21	34	14	20	18	25	33	28	47	24	35	29	11	38	37	29	17	12	18	37	24	18	24	22	22	33	22	22	24	
25	14	9	17	18	26	25	19	1	17	17	25	19	26	17	2	20	27	5	15	10	7	28	18	6	15	24	18	18	25	23	11	27	30	20	16	5	24	18	3	29	26	26	27	28	31	15	15	15	18	21	15	6	16	13	22	27	31	18	17	0	3	56	44	48	53	46	37	45	38	43	36	48	29	35	33	40	47	42	62	35	49	44	26	52	51	44	31	27	33	52	39	32	38	33	37	47	26	29	29	
29	12	6	20	22	29	22	22	4	21	20	28	17	29	14	5	24	27	8	12	8	11	26	16	9	18	22	22	22	23	26	9	25	33	17	17	9	28	22	6	27	29	29	30	32	34	12	19	12	15	18	18	10	17	16	20	31	28	22	20	3	0	59	47	51	56	49	40	48	42	46	39	49	32	38	36	43	49	45	65	36	52	47	29	55	52	47	34	31	36	55	42	35	41	33	40	50	24	27	26	
47	59	61	48	49	50	60	41	55	52	43	49	67	37	59	58	51	35	55	56	62	57	44	45	54	55	64	49	49	43	52	64	40	44	67	43	55	51	49	55	39	37	49	42	43	35	64	45	64	54	68	53	51	42	46	62	45	56	49	42	56	59	0	12	8	8	21	21	12	33	13	23	17	31	24	26	17	16	16	6	30	7	14	34	9	20	15	27	34	24	10	19	27	18	31	19	10	46	42	45	
42	49	50	43	44	46	51	29	43	48	35	44	58	32	49	46	47	23	43	46	51	45	35	34	42	48	55	44	44	33	48	52	30	40	58	31	43	46	44	43	29	32	45	38	39	31	54	38	54	44	59	47	39	30	34	53	40	48	44	30	44	47	12	0	7	15	26	16	6	32	6	19	8	24	23	13	7	7	5	17	20	6	6	27	17	11	15	15	26	13	7	18	21	6	20	7	9	37	33	36	
44	53	53	45	47	48	55	33	47	50	38	46	62	34	54	50	49	27	47	50	55	49	39	37	45	50	59	47	47	38	50	56	35	42	62	34	47	49	47	46	34	34	47	40	41	33	58	41	58	48	63	49	43	34	38	56	42	51	47	33	48	51	8	7	0	11	24	15	3	34	5	19	12	26	24	17	8	10	10	14	25	1	9	29	13	14	12	19	29	16	7	18	21	10	25	11	5	41	37	40	
43	59	59	44	45	45	62	38	52	48	39	45	68	33	59	55	47	32	51	55	60	54	45	43	50	51	65	45	45	43	48	62	41	39	68	39	52	47	45	52	39	33	44	38	39	32	64	41	64	53	69	49	48	39	43	63	41	58	45	38	53	56	7	15	11	0	16	17	10	28	10	19	23	27	20	23	14	21	15	11	30	12	19	30	2	26	11	24	30	21	16	15	23	15	30	16	6	47	44	46	
29	54	52	35	36	29	61	29	45	38	30	30	63	23	54	47	36	29	42	52	54	44	46	40	41	41	62	36	36	42	32	55	41	24	63	32	42	31	36	44	40	23	29	27	26	21	58	32	58	51	64	39	40	31	34	60	27	59	36	31	46	49	21	26	24	16	0	11	23	13	21	11	33	18	11	21	21	32	26	26	31	25	29	20	14	36	13	23	20	16	31	9	15	20	29	19	21	48	45	47	
31	46	44	32	33	34	51	22	36	36	25	33	55	21	46	39	35	19	36	43	45	38	35	31	35	37	53	33	33	31	36	46	30	28	55	24	36	35	33	36	29	21	33	26	27	19	50	27	50	41	56	36	32	23	27	51	29	48	33	23	37	40	21	16	15	17	11	0	12	21	10	4	23	12	9	10	10	21	15	25	20	17	18	15	15	25	6	12	15	6	21	3	7	10	18	8	15	37	34	37	
41	50	50	42	43	44	53	30	44	47	35	43	60	31	51	46	45	24	43	47	52	46	37	34	42	47	57	43	43	35	47	53	32	39	60	31	44	45	43	43	31	31	44	37	38	30	55	37	55	45	61	46	39	31	35	55	39	50	43	30	45	48	12	6	3	10	23	12	0	31	2	16	13	23	21	14	5	11	7	17	22	4	10	26	12	15	11	16	26	12	9	15	18	7	22	8	4	39	35	38	
17	50	47	26	24	20	57	21	38	28	22	20	58	14	50	40	26	27	34	48	48	36	44	36	32	31	58	25	25	38	23	49	38	15	58	28	34	22	25	36	38	14	20	15	14	10	53	24	53	47	59	30	32	27	25	55	15	55	24	23	38	42	33	32	34	28	13	21	31	0	29	17	39	12	11	23	28	37	31	38	31	35	34	13	26	41	24	22	14	20	39	19	14	26	29	25	32	44	44	46	
39	49	49	40	42	43	53	28	42	45	33	41	58	29	49	45	44	22	41	46	50	44	37	33	40	45	56	42	42	33	45	52	32	37	58	29	42	43	41	41	31	29	42	35	36	28	54	36	54	43	60	44	38	29	33	54	37	50	42	28	43	46	13	6	5	10	21	10	2	29	0	14	14	21	19	13	3	13	7	19	22	6	10	24	12	17	9	14	24	10	10	13	16	5	20	6	4	39	35	38	
27	44	42	28	29	30	51	20	35	33	21	29	53	17	44	37	32	19	33	42	44	36	37	30	32	33	52	29	29	32	33	45	32	25	53	22	34	31	29	34	31	17	30	23	24	16	48	23	48	41	54	32	30	21	25	50	25	49	29	21	36	39	23	19	19	19	11	4	16	17	14	0	26	9	5	14	14	25	19	27	23	20	22	12	17	29	9	15	12	10	24	3	5	13	21	12	18	38	36	38	
49	44	49	48	51	52	46	33	48	53	39	51	52	39	45	50	53	26	47	43	48	50	29	33	46	53	49	51	51	30	54	52	27	46	52	33	48	53	51	47	26	39	52	44	45	38	49	42	49	41	53	52	43	34	39	47	47	42	51	34	48	49	17	8	12	23	33	23	13	39	14	26	0	31	30	17	15	1	8	18	17	10	4	32	25	3	23	17	31	20	8	25	28	14	19	15	17	31	28	30	
21	41	37	19	22	25	48	11	28	24	12	24	48	10	41	31	25	17	24	39	39	27	35	27	23	24	48	22	22	29	26	39	28	19	49	18	25	24	22	26	28	10	24	16	18	10	43	14	43	37	50	23	23	18	16	46	19	46	22	14	29	32	31	24	26	27	18	12	23	12	21	9	31	0	7	15	19	29	23	35	23	27	26	3	25	33	17	14	3	12	31	11	5	18	21	17	26	35	34	36	
24	43	41	25	26	27	50	18	34	29	19	26	52	13	44	36	28	18	31	41	43	34	37	29	30	31	51	26	26	31	29	44	31	21	52	21	31	28	26	33	30	14	26	19	20	12	47	21	47	40	53	30	29	20	23	49	21	48	26	20	35	38	24	23	24	20	11	9	21	11	19	5	30	7	0	15	18	29	23	29	23	25	26	9	19	33	13	14	10	10	29	8	4	17	20	16	22	37	35	38	
33	36	36	32	35	37	41	18	32	37	23	36	46	23	36	35	38	11	31	33	38	34	25	20	30	37	44	35	35	21	39	39	20	31	46	19	32	38	35	31	19	23	36	29	30	22	41	26	41	30	47	36	28	19	23	42	31	38	35	18	33	36	26	13	17	23	21	10	14	23	13	14	17	15	15	0	9	16	10	31	10	19	13	16	24	20	16	2	15	7	21	13	12	8	8	7	17	27	23	26	
38	45	46	39	40	41	50	25	39	43	30	40	55	28	46	42	42	18	38	42	47	41	34	29	37	44	53	40	40	30	43	48	29	35	55	26	39	42	40	38	28	28	40	33	34	26	50	33	50	40	56	43	35	26	30	51	36	47	40	25	40	43	17	7	8	14	21	10	5	28	3	14	15	19	18	9	0	13	7	22	18	10	10	22	16	17	9	11	21	9	14	13	16	1	17	3	8	36	33	35	
47	45	48	47	49	51	47	32	46	52	38	50	53	37	46	49	52	25	46	43	49	48	30	32	45	52	50	49	49	30	53	51	27	45	53	33	46	52	49	46	26	38	50	43	44	36	50	41	50	41	54	51	42	33	37	48	45	43	49	33	47	49	16	7	10	21	32	21	11	37	13	25	1	29	29	16	13	0	7	18	17	9	3	31	24	4	22	16	29	19	8	24	26	13	18	14	16	32	29	31	
41	44	45	42	43	44	47	27	41	47	32	43	53	31	44	44	46	20	41	41	46	43	30	29	40	47	50	43	43	28	47	48	25	39	53	28	41	45	43	41	24	31	44	37	38	30	49	36	49	39	54	46	37	28	32	48	39	43	43	28	42	45	16	5	10	15	26	15	7	31	7	19	8	23	23	10	7	7	0	22	15	10	3	25	17	11	16	11	24	13	12	18	20	6	15	7	9	32	29	31	
51	62	66	53	53	55	64	47	61	57	48	53	70	41	63	63	56	40	60	61	66	62	47	50	58	59	67	53	53	48	57	69	45	49	70	48	60	55	53	60	44	41	54	47	48	40	67	50	67	59	71	57	56	47	51	65	49	59	53	47	62	65	6	17	14	12	26	25	17	38	19	27	18	35	29	31	22	18	22	0	35	13	20	38	13	21	19	32	38	29	10	24	32	23	36	25	14	49	46	48	
41	30	34	40	43	45	33	25	34	45	31	43	39	31	30	37	46	13	39	27	33	41	16	19	37	45	36	43	43	14	47	36	11	39	39	20	39	45	43	37	10	31	44	37	38	30	35	34	35	25	40	44	34	20	31	34	39	29	43	24	35	34	30	20	25	30	31	20	22	31	22	23	17	23	23	10	18	17	15	35	0	24	17	24	32	19	26	9	23	17	25	23	20	17	3	17	24	18	15	17	
45	52	55	47	48	49	54	34	48	51	39	48	60	35	52	51	50	28	48	50	55	50	37	39	47	51	57	48	48	36	51	57	34	43	60	35	48	50	48	48	32	36	48	41	42	34	57	42	57	47	62	50	44	35	39	55	43	50	48	35	49	52	7	6	1	12	25	17	4	35	6	20	10	27	25	19	10	9	10	13	24	0	8	30	14	13	13	20	30	17	6	19	23	11	25	12	7	39	36	39	
44	46	47	44	46	48	48	29	43	49	34	46	54	34	46	46	49	22	43	43	48	45	31	31	41	49	51	46	46	30	50	50	27	42	54	30	43	49	46	42	26	34	47	40	41	33	51	38	51	41	56	48	39	30	34	49	42	44	46	29	44	47	14	6	9	19	29	18	10	34	10	22	4	26	26	13	10	3	3	20	17	8	0	27	21	7	19	13	26	16	10	21	23	9	17	10	13	33	30	33	
18	38	35	16	19	22	45	9	26	21	10	21	46	7	38	28	22	16	22	36	36	24	32	24	20	21	45	19	19	26	23	37	26	16	46	15	22	22	19	23	26	7	21	14	15	7	41	12	41	35	47	20	20	15	13	43	16	43	19	11	26	29	34	27	29	30	20	15	26	13	24	12	32	3	9	16	22	31	25	38	24	30	27	0	28	35	20	15	1	15	34	14	8	21	21	20	28	32	31	34	
41	60	59	43	43	43	64	37	51	47	38	43	70	31	61	54	45	33	50	57	60	52	47	44	48	49	67	43	43	45	46	61	43	37	70	39	50	45	43	51	41	31	42	37	38	30	65	40	65	55	71	47	47	38	41	65	39	60	43	38	52	55	9	17	13	2	14	15	12	26	12	17	25	25	19	24	16	24	17	13	32	14	21	28	0	28	10	26	28	21	18	14	22	17	32	18	8	49	46	48	
52	45	49	51	53	55	46	36	50	56	42	54	52	41	45	53	56	29	50	43	48	52	29	36	49	56	49	53	53	30	57	52	27	49	52	36	50	56	53	50	27	42	54	47	48	40	50	45	50	41	54	55	46	36	42	47	49	42	53	37	51	50	19	10	14	25	36	25	15	41	17	29	3	33	33	20	17	4	11	19	19	13	7	35	27	0	26	20	34	23	10	28	31	16	21	18	19	31	28	30	
35	52	50	36	38	39	57	29	43	41	30	37	61	25	53	45	40	25	42	49	52	44	41	36	40	41	60	38	38	37	41	53	36	33	61	30	42	40	38	42	35	25	38	31	32	24	56	32	56	47	62	40	38	29	33	58	33	54	38	29	44	47	15	15	12	11	13	6	11	24	9	9	23	17	13	16	9	22	16	19	26	13	19	20	10	26	0	18	20	12	19	6	13	10	24	9	9	43	40	42	
32	35	35	31	33	36	39	16	30	36	22	35	44	21	35	33	36	9	30	32	37	32	24	19	29	36	43	33	33	20	37	38	19	30	45	18	30	36	33	30	18	22	35	28	29	21	40	25	40	29	46	35	26	17	21	40	30	37	33	17	31	34	27	15	19	24	23	12	16	22	14	15	17	14	14	2	11	16	11	32	9	20	13	15	26	20	18	0	13	8	22	15	12	9	7	8	18	26	23	25	
20	38	36	17	20	23	45	10	27	22	11	22	47	8	38	29	23	15	23	36	37	25	32	24	21	22	46	20	20	26	24	38	26	17	47	16	23	23	20	24	25	8	22	15	16	8	42	13	42	35	48	21	21	15	14	43	18	43	20	12	27	31	34	26	29	30	20	15	26	14	24	12	31	3	10	15	21	29	24	38	23	30	26	1	28	34	20	13	0	14	33	14	8	20	20	19	28	32	31	34	
30	41	39	31	33	34	47	18	32	36	23	32	50	20	42	35	35	14	31	39	41	34	31	26	30	36	49	32	32	27	36	42	26	28	50	19	32	34	32	31	25	20	33	26	27	19	45	26	45	37	51	35	27	19	23	47	28	44	32	18	33	36	24	13	16	21	16	6	12	20	10	10	20	12	10	7	9	19	13	29	17	17	16	15	21	23	12	8	14	0	21	9	8	7	14	6	15	33	30	32	
49	52	56	50	52	53	53	36	51	55	42	52	60	39	53	53	54	30	50	51	56	53	37	40	49	55	57	52	52	38	55	59	35	47	60	38	51	54	52	50	34	39	52	45	46	38	57	45	57	48	61	54	46	37	42	55	47	49	52	37	52	55	10	7	7	18	31	21	9	39	10	24	8	31	29	21	14	8	12	10	25	6	10	34	18	11	19	22	33	21	0	23	27	13	26	15	13	39	35	38	
29	48	45	31	32	33	54	23	38	35	24	32	56	19	48	41	34	22	36	46	47	38	38	33	35	35	55	32	32	34	35	48	33	27	57	25	36	34	32	37	32	20	32	25	26	18	52	26	52	44	58	34	34	25	27	53	27	51	32	24	39	42	19	18	18	15	9	3	15	19	13	3	25	11	8	13	13	24	18	24	23	19	21	14	14	28	6	15	14	9	23	0	8	12	21	11	15	40	37	39	
24	41	39	25	26	27	48	17	31	29	18	26	49	14	41	34	28	16	30	39	40	32	34	27	29	30	48	26	26	29	29	41	28	21	50	18	30	28	26	31	28	14	26	19	20	12	45	20	45	37	51	29	27	18	21	46	22	46	26	18	32	35	27	21	21	23	15	7	18	14	16	5	28	5	4	12	16	26	20	32	20	23	23	8	22	31	13	12	8	8	27	8	0	15	18	14	21	35	33	35	
36	44	44	37	38	40	49	23	37	42	29	38	53	26	44	40	41	17	37	41	46	39	32	28	36	42	52	38	38	29	42	47	28	34	54	25	37	40	38	37	26	26	39	32	33	25	49	32	49	38	55	41	33	24	28	50	34	45	38	24	38	41	18	6	10	15	20	10	7	26	5	13	14	18	17	8	1	13	6	23	17	11	9	21	17	17	10	9	20	7	13	12	15	0	16	1	9	34	31	34	
39	31	33	38	40	42	34	23	32	43	28	41	40	28	31	34	43	11	36	28	34	38	17	16	35	43	37	40	40	15	44	35	12	36	40	17	36	43	40	34	11	28	42	34	35	28	36	31	36	26	42	42	32	17	28	35	37	30	40	22	33	33	31	20	25	30	29	18	22	29	20	21	19	21	20	8	17	18	15	36	3	25	17	21	32	21	24	7	20	14	26	21	18	16	0	14	24	19	16	18	
35	43	43	36	37	38	47	22	36	41	27	37	52	25	43	39	39	16	36	40	44	38	32	27	34	41	50	37	37	27	40	46	27	33	52	23	36	39	37	35	25	25	38	30	32	24	48	31	48	37	54	40	32	23	27	48	33	44	37	22	37	40	19	7	11	16	19	8	8	25	6	12	15	17	16	7	3	14	7	25	17	12	10	20	18	18	9	8	19	6	15	11	14	1	14	0	11	33	30	33	
44	53	53	45	46	47	56	32	46	49	38	46	62	34	53	49	48	26	46	50	54	48	39	37	45	50	59	46	46	37	49	56	35	41	62	34	46	48	46	46	33	34	47	39	40	32	58	40	58	47	64	49	42	33	37	57	42	52	46	33	47	50	14	9	5	6	21	15	4	32	4	18	17	26	22	17	8	16	9	18	24	7	13	28	8	20	9	18	28	15	13	15	21	9	24	11	0	41	38	41	
45	15	20	38	39	47	18	26	25	39	30	46	24	34	16	28	42	20	29	14	19	32	2	13	28	37	21	39	39	6	44	23	8	43	24	18	30	45	39	28	10	34	47	40	41	36	20	34	20	11	26	36	27	18	30	19	43	14	39	22	26	24	46	37	41	47	48	37	39	44	39	38	31	35	37	27	36	32	32	49	18	39	33	32	49	31	43	26	32	33	39	40	35	35	19	33	41	0	3	3	
44	19	23	40	41	48	18	25	27	41	30	46	24	33	19	30	44	18	31	18	22	33	1	15	30	38	21	41	41	8	46	26	6	42	24	17	31	47	41	29	7	33	47	39	41	36	24	33	24	15	26	38	29	17	30	19	42	14	41	22	28	26	42	33	37	44	45	34	35	44	35	36	28	34	35	23	33	29	29	46	15	36	30	31	46	28	40	23	31	30	35	37	33	31	16	30	38	3	0	3	
47	18	23	41	42	50	15	28	28	42	32	49	22	36	17	30	45	20	32	17	21	34	2	16	31	39	19	42	42	9	47	26	8	45	22	20	32	48	42	30	10	36	50	42	44	38	23	36	23	14	23	39	30	20	32	17	45	12	42	24	29	26	45	36	40	46	47	37	38	46	38	38	30	36	38	26	35	31	31	48	17	39	33	34	48	30	42	25	34	32	38	39	35	34	18	33	41	3	3	0	
