0	34	10	7	4	46	20	26	15	2	45	13	12	39	8	27	27	8	32	18	21	37	35	22	23	36	19	14	46	7	7	39	41	6	34	39	6	45	21	4	7	40	3	11	5	3	14	40	17	40	13	20	19	44	38	11	53	7	14	22	25	48	47	42	44	43	29	41	17	39	27	49	27	24	33	38	47	41	51	41	50	43	18	30	52	35	20	30	29	24	22	44	36	39	35	19	45	31	44	47	
34	0	26	27	35	16	28	10	25	34	11	29	34	9	29	9	10	29	28	27	13	7	2	16	20	16	15	23	16	27	27	21	7	32	6	24	39	11	14	33	27	25	35	25	35	37	39	6	24	6	23	15	22	13	7	36	22	27	22	25	9	23	61	50	53	59	52	50	47	49	42	49	45	41	36	46	48	45	66	35	66	52	35	32	49	50	36	39	45	39	37	34	44	33	43	47	20	6	23	23	
10	26	0	3	11	38	18	18	13	9	36	11	12	31	7	18	18	7	30	16	12	28	27	14	19	29	11	8	38	3	3	36	33	8	26	36	15	37	13	9	3	38	10	4	11	13	17	31	10	31	6	11	13	36	30	12	44	3	7	20	17	41	48	43	45	44	35	42	26	40	28	48	28	25	32	39	47	42	53	40	52	44	16	28	51	36	17	31	31	25	23	43	37	38	36	27	38	23	41	41	
7	27	3	0	8	39	20	19	15	7	38	13	12	32	3	20	20	3	32	18	14	30	28	15	23	32	12	8	39	1	1	39	34	5	27	39	13	38	14	6	1	40	8	4	10	10	17	33	13	33	6	13	16	37	31	11	46	1	7	22	18	42	49	44	47	45	36	43	24	42	29	51	29	26	35	40	49	43	53	43	53	45	19	31	53	38	20	33	32	26	24	45	38	40	37	26	39	24	43	42	
4	35	11	8	0	47	24	27	19	1	44	16	16	40	6	27	26	6	36	21	21	37	36	20	27	37	20	12	47	8	8	42	42	3	32	42	6	45	22	2	8	44	1	11	9	7	17	38	18	38	12	21	21	45	36	15	53	8	14	26	26	50	50	46	48	45	29	44	20	43	30	52	30	27	37	41	51	44	55	45	53	46	22	34	55	39	23	34	33	27	25	47	40	42	38	21	47	30	48	50	
46	16	38	39	47	0	38	25	36	46	8	40	46	7	42	22	26	42	34	39	29	10	15	31	31	25	28	36	4	39	39	20	9	44	18	23	50	8	29	45	39	24	47	38	47	48	49	13	35	13	36	27	33	3	15	47	7	39	35	35	25	14	60	51	55	62	61	53	57	53	51	46	54	50	41	50	47	47	64	33	63	55	45	37	46	57	45	47	54	48	46	30	49	34	47	56	18	21	18	15	
20	28	18	20	24	38	0	19	6	22	38	8	9	31	23	19	21	23	13	2	15	28	29	17	9	17	13	22	38	20	20	20	33	24	30	19	18	39	15	23	20	21	23	21	15	17	13	33	10	33	22	13	6	36	34	11	37	20	20	3	19	28	41	29	33	38	29	30	21	28	20	33	22	18	18	25	32	27	47	25	46	32	9	12	36	29	10	18	23	17	15	28	23	23	22	21	26	25	25	28	
26	10	18	19	27	25	19	0	16	26	20	20	25	18	21	4	3	21	26	18	6	15	11	8	11	17	7	16	25	19	19	24	17	24	12	26	30	21	6	25	19	28	27	17	26	28	30	16	15	16	16	7	13	23	16	26	31	19	14	17	1	28	55	43	47	52	45	44	38	42	35	48	38	34	32	39	46	41	61	34	60	46	26	26	50	43	27	32	38	31	30	37	37	32	36	38	25	7	28	28	
15	25	13	15	19	36	6	16	0	17	36	4	9	29	18	17	18	18	19	4	12	27	27	14	8	21	11	17	36	15	15	24	32	19	27	24	14	36	12	18	15	25	18	16	10	12	14	31	4	31	17	10	4	34	31	10	41	15	14	8	17	33	43	35	38	39	30	35	22	33	21	39	23	19	23	30	38	32	48	31	47	37	10	17	42	30	11	23	24	18	16	33	29	28	27	22	30	22	30	32	
2	34	9	7	1	46	22	26	17	0	44	15	14	39	8	26	26	8	34	20	20	36	35	21	25	36	19	13	46	7	7	41	41	5	34	41	6	45	21	3	7	42	1	11	7	5	16	39	17	39	12	20	20	44	38	13	52	7	14	25	25	49	49	44	46	45	30	43	20	41	29	51	29	26	36	40	50	43	53	43	53	45	21	33	54	37	22	32	32	26	24	46	38	41	37	21	46	31	46	49	
45	11	36	38	44	8	38	20	36	44	0	40	45	9	38	20	20	38	39	38	24	15	9	25	31	27	25	33	7	38	38	26	7	41	12	29	49	2	25	43	38	30	45	35	46	48	50	7	35	7	34	26	32	5	8	46	14	38	32	36	19	20	67	58	62	68	63	60	58	58	53	52	56	52	46	55	53	53	70	39	69	62	46	42	52	61	47	50	56	49	48	36	53	40	52	58	24	16	24	22	
13	29	11	13	16	40	8	20	4	15	40	0	5	33	16	21	22	16	20	6	16	31	31	18	11	23	15	15	40	13	13	26	36	17	31	26	11	40	16	16	13	27	16	14	8	10	11	35	6	35	14	14	8	38	35	7	43	13	12	10	20	35	40	34	36	36	27	32	19	31	18	39	20	16	23	29	37	32	45	31	44	34	7	18	41	27	8	22	21	15	13	33	28	28	26	19	32	26	32	34	
12	34	12	12	16	46	9	25	9	14	45	5	0	38	15	26	27	15	20	7	21	36	36	23	16	25	20	18	46	12	12	28	41	16	36	28	10	45	22	15	12	29	15	14	7	9	6	40	11	40	16	19	13	43	40	1	45	12	17	12	26	37	37	32	34	33	23	31	14	29	17	39	17	13	23	28	37	31	41	31	40	33	7	19	41	25	8	20	19	14	12	33	26	28	25	15	34	31	33	36	
39	9	31	32	40	7	31	18	29	39	9	33	38	0	35	15	18	35	30	32	22	6	7	24	24	18	21	29	7	32	32	17	3	37	11	19	43	10	22	38	32	21	40	30	39	41	42	9	28	9	29	20	26	5	9	40	14	32	27	27	17	15	60	49	54	59	54	51	50	49	44	45	47	44	36	46	46	45	63	31	62	53	38	33	45	53	38	42	48	41	40	29	44	32	43	49	16	14	19	17	
8	29	7	3	6	42	23	21	18	8	38	16	15	35	0	22	20	1	35	21	16	32	31	14	26	34	14	6	42	4	3	41	36	3	26	42	12	39	16	4	3	43	7	5	12	12	19	32	17	32	6	16	19	40	30	14	48	3	8	26	20	45	51	47	49	47	36	46	26	44	32	53	31	28	38	42	52	46	56	46	55	47	22	34	56	40	23	35	34	28	26	48	41	43	39	27	42	24	46	45	
27	9	18	20	27	22	19	4	17	26	20	21	26	15	22	0	5	22	24	19	8	13	11	10	12	16	8	17	22	20	20	23	17	24	12	25	30	21	8	26	20	26	27	18	27	29	31	16	16	16	17	8	13	20	16	27	29	20	15	17	3	26	56	44	48	53	45	44	39	43	35	47	38	34	33	39	46	42	61	33	61	46	26	26	49	43	27	32	39	32	31	35	38	30	37	39	23	7	27	26	
27	10	18	20	26	26	21	3	18	26	20	22	27	18	20	5	0	20	28	20	6	17	12	6	14	20	7	14	25	20	20	27	17	22	9	29	32	20	6	24	20	31	26	17	28	30	32	13	17	13	15	8	15	23	13	29	32	20	14	19	2	31	58	46	50	55	47	46	40	45	37	50	40	36	35	42	49	44	63	37	63	48	28	28	53	45	29	35	41	34	33	39	40	34	39	40	28	4	31	30	
8	29	7	3	6	42	23	21	18	8	38	16	15	35	1	22	20	0	35	21	15	32	30	14	26	34	14	6	42	3	3	41	36	3	26	42	12	38	16	4	3	43	7	5	12	11	19	32	17	32	5	16	19	40	30	14	48	3	8	26	20	45	51	47	49	47	36	45	26	44	32	53	31	28	38	42	52	46	56	46	55	47	22	34	56	40	23	35	34	28	26	48	41	43	39	27	42	24	45	45	
32	28	30	32	36	34	13	26	19	34	39	20	20	30	35	24	28	35	0	15	27	26	30	29	16	14	26	34	37	32	32	14	33	36	31	14	30	39	27	35	32	12	35	33	27	29	21	35	22	35	34	23	19	35	35	22	32	32	32	13	27	22	35	23	27	32	29	24	27	22	19	26	22	18	11	18	25	20	40	13	40	26	15	3	29	25	15	14	22	16	16	15	17	11	16	24	20	29	18	20	
18	27	16	18	21	39	2	18	4	20	38	6	7	32	21	19	20	21	15	0	14	29	29	17	9	18	13	20	39	18	18	21	34	22	29	21	16	39	15	21	18	22	21	19	13	15	12	33	7	33	20	13	6	37	33	8	38	18	17	5	19	30	41	31	35	37	28	32	20	30	19	36	21	17	20	27	34	29	46	28	45	34	8	14	38	28	9	20	22	16	14	30	25	25	24	20	27	25	26	29	
21	13	12	14	21	29	15	6	12	20	24	16	21	22	16	8	6	15	27	14	0	19	15	3	15	21	1	10	29	14	14	28	21	18	15	30	25	24	1	20	14	32	21	11	22	24	26	19	11	19	10	5	8	27	19	22	35	14	8	16	5	32	55	43	47	51	42	43	34	41	33	47	35	31	31	38	46	41	60	39	59	45	22	25	50	42	23	31	36	30	28	41	37	36	36	34	29	11	33	32	
37	7	28	30	37	10	28	15	27	36	15	31	36	6	32	13	17	32	26	29	19	0	6	22	22	16	18	27	13	30	30	15	9	34	11	18	40	15	20	36	30	19	37	28	37	39	40	10	26	10	27	18	23	11	11	37	17	30	25	25	15	17	58	46	50	55	52	47	48	46	42	43	45	41	33	42	44	42	61	29	60	49	36	30	44	49	36	39	46	39	38	28	41	29	40	47	14	13	18	17	
35	2	27	28	36	15	29	11	27	35	9	31	36	7	31	11	12	30	30	29	15	6	0	17	22	18	16	25	14	28	28	20	6	33	5	22	40	10	15	35	28	24	36	26	37	39	41	5	26	5	25	16	23	12	5	37	21	28	23	26	10	21	63	51	55	60	54	52	48	50	44	48	47	43	38	47	49	46	66	34	65	54	36	33	48	52	37	41	47	40	39	32	46	34	44	48	19	7	22	21	
22	16	14	15	20	31	17	8	14	21	25	18	23	24	14	10	6	14	29	17	3	22	17	0	17	24	4	8	30	15	15	31	22	17	13	33	26	25	2	18	15	34	21	11	24	25	28	18	13	18	10	8	11	28	17	25	38	15	8	18	7	34	57	45	49	54	44	46	36	44	36	50	38	34	34	41	48	43	62	41	61	48	24	28	52	44	25	34	38	32	30	43	39	38	38	37	32	10	35	34	
23	20	19	23	27	31	9	11	8	25	31	11	16	24	26	12	14	26	16	9	15	22	22	17	0	15	14	22	31	23	23	18	27	27	23	18	21	31	15	26	23	20	26	23	18	20	21	26	11	26	22	10	8	29	27	17	35	23	21	6	12	27	44	32	36	41	34	33	29	31	24	37	27	23	21	28	35	30	50	26	49	35	16	15	40	32	18	21	27	20	19	28	26	24	25	29	24	18	24	26	
36	16	29	32	37	25	17	17	21	36	27	23	25	18	34	16	20	34	14	18	21	16	18	24	15	0	20	29	26	32	32	10	21	36	19	9	34	27	22	36	32	11	37	30	31	33	28	22	25	22	29	19	21	24	23	26	24	32	27	13	18	16	45	34	37	43	40	34	36	33	30	33	33	29	20	29	32	29	50	19	50	36	24	17	36	36	24	26	33	27	26	20	28	16	27	35	13	18	15	16	
19	15	11	12	20	28	13	7	11	19	25	15	20	21	14	8	7	14	26	13	1	18	16	4	14	20	0	9	28	12	12	27	22	17	16	29	24	26	2	18	12	31	20	10	21	23	25	20	10	20	9	4	7	26	20	21	34	12	7	15	6	31	54	42	45	50	41	42	32	40	32	46	34	30	30	37	45	40	58	37	58	44	20	24	49	40	21	30	35	29	27	40	36	35	34	33	28	12	31	31	
14	23	8	8	12	36	22	16	17	13	33	15	18	29	6	17	14	6	34	20	10	27	25	8	22	29	9	0	36	8	8	36	30	9	20	38	18	33	10	10	8	39	13	4	17	17	24	26	14	26	2	12	16	34	24	19	43	8	3	23	15	39	55	48	50	51	41	47	31	45	33	53	35	31	37	44	52	47	59	45	58	49	21	33	56	41	22	36	35	30	28	48	42	43	41	32	37	18	40	39	
46	16	38	39	47	4	38	25	36	46	7	40	46	7	42	22	25	42	37	39	29	13	14	30	31	26	28	36	0	39	39	23	8	44	18	26	50	7	29	45	39	27	47	38	47	48	50	12	35	12	36	27	33	2	14	47	8	39	35	35	24	17	64	55	59	65	62	57	58	56	52	49	55	51	44	53	50	50	67	36	66	59	45	41	49	60	46	49	55	48	47	33	52	37	50	57	21	21	21	19	
7	27	3	1	8	39	20	19	15	7	38	13	12	32	4	20	20	3	32	18	14	30	28	15	23	32	12	8	39	0	1	39	34	5	27	39	13	38	14	6	1	40	8	4	10	10	17	33	13	33	6	13	16	37	31	11	46	1	7	22	18	42	49	44	47	45	36	43	25	42	29	51	29	26	35	40	49	43	53	43	53	45	19	31	53	38	20	32	32	26	24	45	38	40	37	26	39	24	43	42	
7	27	3	1	8	39	20	19	15	7	38	13	12	32	3	20	20	3	32	18	14	30	28	15	23	32	12	8	39	1	0	39	34	5	27	39	13	38	14	6	1	40	8	4	10	10	17	33	13	33	6	13	16	37	31	11	46	1	7	22	18	42	49	44	47	45	36	43	25	42	29	51	29	26	35	40	49	43	53	43	53	45	19	31	53	38	20	32	32	26	24	45	38	40	37	26	39	24	43	42	
39	20	35	36	42	20	20	22	24	41	26	26	28	17	39	21	25	39	14	21	26	14	20	29	18	10	25	34	23	36	36	0	19	41	23	3	37	26	27	42	36	4	42	35	34	36	30	21	28	21	34	24	24	21	22	29	18	36	32	16	23	9	43	33	38	43	42	35	38	33	32	30	35	31	21	30	30	28	48	14	47	37	26	18	30	37	26	27	34	29	27	13	29	15	27	37	6	23	8	9	
41	7	33	34	42	9	33	17	32	41	7	36	41	3	36	17	17	36	33	34	21	9	6	22	27	21	22	30	8	34	34	19	0	39	10	22	45	7	21	40	34	24	42	32	42	44	45	7	31	7	31	22	29	6	7	42	16	34	29	30	16	18	62	52	57	62	57	53	53	52	47	48	50	46	39	49	49	47	66	33	65	55	41	36	48	55	41	44	51	44	43	32	47	35	46	52	18	13	22	19	
6	32	8	5	3	44	24	24	19	5	41	17	16	37	3	24	22	3	36	22	18	34	33	17	27	36	17	9	44	5	5	43	39	0	29	43	9	41	19	1	5	44	4	8	11	9	19	35	18	35	9	18	21	42	33	16	50	5	11	27	23	47	52	48	50	48	33	47	23	45	33	54	32	29	39	43	53	47	57	47	56	49	23	35	57	41	24	36	35	29	27	49	42	44	40	24	44	27	47	47	
34	6	26	27	32	18	30	12	27	34	12	31	36	11	26	12	9	26	31	29	15	11	5	13	23	19	16	20	18	27	27	24	10	29	0	27	38	13	15	30	27	28	33	23	37	37	41	6	26	6	22	17	23	16	4	37	25	27	20	28	11	26	64	52	56	62	55	53	49	52	45	52	48	44	39	48	51	48	69	38	68	55	37	34	52	53	38	42	48	41	40	36	47	35	46	49	23	5	26	26	
39	22	36	38	42	22	19	24	24	41	28	26	28	19	41	23	27	41	14	21	28	16	22	31	18	9	27	36	25	38	38	3	22	43	25	0	37	28	29	42	38	2	42	37	34	35	30	23	27	23	36	26	24	23	24	29	20	38	34	16	25	10	40	30	35	41	41	32	38	32	32	27	35	31	20	29	27	25	45	11	44	34	26	17	27	36	26	26	33	28	27	11	28	12	27	37	7	25	6	8	
6	39	15	13	6	50	18	30	14	6	49	11	10	43	12	30	32	12	30	16	25	40	40	26	21	34	24	18	50	13	13	37	45	9	38	37	0	50	26	8	13	38	5	17	3	3	11	44	15	44	18	24	17	48	42	9	54	13	20	21	30	46	44	40	42	39	24	39	15	37	25	46	24	21	31	35	45	39	49	39	47	41	16	29	49	33	17	28	27	21	19	41	34	36	33	16	43	36	42	45	
45	11	37	38	45	8	39	21	36	45	2	40	45	10	39	21	20	38	39	39	24	15	10	25	31	27	26	33	7	38	38	26	7	41	13	29	50	0	25	43	38	30	45	36	46	48	50	7	35	7	34	26	33	5	9	47	14	38	33	36	20	20	67	58	62	68	63	60	58	58	53	52	56	52	46	55	53	53	70	39	69	62	46	43	52	61	47	50	57	50	49	36	54	40	52	58	24	16	24	22	
21	14	13	14	22	29	15	6	12	21	25	16	22	22	16	8	6	16	27	15	1	20	15	2	15	22	2	10	29	14	14	29	21	19	15	31	26	25	0	20	14	32	22	12	23	24	26	19	11	19	10	5	9	27	19	23	36	14	9	16	5	32	55	43	47	52	42	44	34	42	34	48	36	31	32	39	46	41	60	39	59	46	22	26	50	42	23	32	36	30	28	41	37	36	36	35	30	10	33	32	
4	33	9	6	2	45	23	25	18	3	43	16	15	38	4	26	24	4	35	21	20	36	35	18	26	36	18	10	45	6	6	42	40	1	30	42	8	43	20	0	6	43	2	9	9	8	18	36	17	36	10	19	20	43	34	14	52	6	12	25	24	48	51	46	49	47	31	45	22	43	31	53	31	28	38	42	52	45	55	45	55	47	22	34	56	40	23	34	34	28	26	48	40	43	39	23	45	28	47	48	
7	27	3	1	8	39	20	19	15	7	38	13	12	32	3	20	20	3	32	18	14	30	28	15	23	32	12	8	39	1	1	39	34	5	27	39	13	38	14	6	0	40	8	4	10	10	17	33	13	33	6	13	16	37	31	11	46	1	7	22	18	42	49	44	47	45	36	43	25	41	29	51	29	26	35	40	49	43	53	43	53	45	19	31	53	38	20	32	32	26	24	45	38	40	37	26	39	24	43	42	
40	24	38	40	44	23	21	26	25	42	29	27	29	20	43	24	28	43	12	22	30	18	23	32	20	11	29	37	27	40	40	4	23	44	27	2	38	30	30	43	40	0	43	38	35	37	30	25	29	25	37	28	25	25	25	31	21	40	35	18	27	11	39	29	34	39	40	31	38	31	31	26	34	30	19	28	26	24	44	10	43	33	25	16	27	35	25	25	32	28	26	9	26	11	25	36	9	26	7	10	
3	35	10	8	1	47	23	27	18	1	45	16	15	40	7	27	26	7	35	21	21	37	36	21	26	37	20	13	47	8	8	42	42	4	33	42	5	45	22	2	8	43	0	12	8	7	16	39	18	39	12	21	21	45	37	14	53	8	15	26	26	50	49	45	47	44	29	44	20	42	30	52	29	26	36	40	50	44	54	44	52	46	21	34	54	38	22	33	32	26	24	47	39	42	38	21	47	31	47	50	
11	25	4	4	11	38	21	17	16	11	35	14	14	30	5	18	17	5	33	19	11	28	26	11	23	30	10	4	38	4	4	37	32	8	23	39	17	36	12	9	4	41	12	0	14	14	20	29	13	29	2	13	16	35	27	15	44	4	4	23	16	41	51	46	49	47	38	45	28	44	31	51	31	28	36	42	50	45	56	44	55	47	20	32	54	40	21	34	34	28	26	46	40	41	39	29	38	21	41	40	
5	35	11	10	9	47	15	26	10	7	46	8	7	39	12	27	28	12	27	13	22	37	37	24	18	31	21	17	47	10	10	34	42	11	37	34	3	46	23	9	10	35	8	14	0	2	10	41	12	41	16	20	14	45	41	6	51	10	17	17	27	43	42	38	40	38	27	37	15	35	23	44	22	19	29	33	43	37	47	37	46	39	14	25	47	31	15	26	25	19	17	39	32	34	30	16	40	33	39	42	
3	37	13	10	7	48	17	28	12	5	48	10	9	41	12	29	30	11	29	15	24	39	39	25	20	33	23	17	48	10	10	36	44	9	37	35	3	48	24	8	10	37	7	14	2	0	10	43	13	43	16	22	16	46	41	8	53	10	18	19	28	44	43	39	41	39	26	38	14	36	24	45	23	20	30	34	44	38	48	38	47	40	15	27	48	32	16	27	26	20	18	40	33	35	32	15	41	34	41	44	
14	39	17	17	17	49	13	30	14	16	50	11	6	42	19	31	32	19	21	12	26	40	41	28	21	28	25	24	50	17	17	30	45	19	41	30	11	50	26	18	17	30	16	20	10	10	0	45	16	45	22	24	18	48	45	5	48	17	22	15	31	39	35	31	33	32	22	30	10	28	16	38	15	12	22	26	36	30	40	30	39	32	7	20	40	24	8	19	18	12	10	33	25	28	24	11	36	36	36	38	
40	6	31	33	38	13	33	16	31	39	7	35	40	9	32	16	13	32	35	33	19	10	5	18	26	22	20	26	12	33	33	21	7	35	6	24	44	7	19	36	33	26	39	29	41	43	45	0	30	1	28	21	27	10	3	41	20	33	26	31	15	22	64	54	58	64	58	55	53	54	48	49	51	47	41	50	51	49	67	35	67	57	41	38	50	56	42	45	52	45	44	34	49	36	48	53	20	9	24	23	
17	24	10	13	18	35	10	15	4	17	35	6	11	28	17	16	17	17	22	7	11	26	26	13	11	25	10	14	35	13	13	28	31	18	26	27	15	35	11	17	13	29	18	13	12	13	16	30	0	30	14	9	4	33	30	12	42	13	11	11	15	36	45	38	41	41	32	37	24	36	23	42	25	21	26	33	41	36	50	34	49	39	12	20	45	32	13	26	26	20	18	37	32	31	31	24	34	21	33	36	
40	6	31	33	38	13	33	16	31	39	7	35	40	9	32	16	13	32	35	33	19	10	5	18	26	22	20	26	12	33	33	21	7	35	6	24	44	7	19	36	33	26	39	29	41	43	45	1	30	0	28	21	27	10	3	41	20	33	26	31	15	22	64	54	58	64	58	55	53	54	48	49	51	47	41	50	51	49	67	35	67	57	41	38	50	56	42	45	52	45	44	34	49	36	48	53	20	9	24	23	
13	23	6	6	12	36	22	16	17	12	34	14	16	29	6	17	15	5	34	20	10	27	25	10	22	29	9	2	36	6	6	36	31	9	22	38	18	34	10	10	6	39	12	2	16	16	22	28	14	28	0	12	16	34	26	17	43	6	3	23	15	39	53	47	49	49	39	46	30	44	32	52	33	30	36	43	51	46	57	44	56	48	20	32	55	40	21	35	34	29	27	47	41	42	40	31	36	20	40	39	
20	15	11	13	21	27	13	7	10	20	26	14	19	20	16	8	8	16	23	13	5	18	16	8	10	19	4	12	27	13	13	27	22	18	17	27	24	26	5	19	13	28	21	13	20	22	24	21	9	21	12	0	7	25	21	21	34	13	11	11	6	30	51	39	43	48	40	39	32	38	30	43	33	29	28	35	42	37	56	34	56	41	20	21	46	38	21	27	34	27	26	37	33	32	32	32	27	12	31	30	
19	22	13	16	21	33	6	13	4	20	32	8	13	26	19	13	15	19	19	6	8	23	23	11	8	21	7	16	33	16	16	24	29	21	23	24	17	33	9	20	16	25	21	16	14	16	18	27	4	27	16	7	0	31	27	14	39	16	14	8	13	33	46	34	38	43	34	35	25	33	25	39	27	23	23	30	37	32	51	31	50	37	13	17	42	33	14	23	27	21	20	33	28	28	27	26	30	19	30	32	
44	13	36	37	45	3	36	23	34	44	5	38	43	5	40	20	23	40	35	37	27	11	12	28	29	24	26	34	2	37	37	21	6	42	16	24	48	5	27	43	37	25	45	35	45	46	48	10	33	10	34	25	31	0	12	45	10	37	33	33	22	15	62	53	56	63	60	55	55	54	50	47	53	49	42	51	48	48	65	34	64	56	43	38	47	58	43	47	53	46	45	31	50	35	48	54	19	19	19	17	
38	7	30	31	36	15	34	16	31	38	8	35	40	9	30	16	13	30	35	33	19	11	5	17	27	23	20	24	14	31	31	22	7	33	4	24	42	9	19	34	31	26	37	27	41	41	45	3	30	3	26	21	27	12	0	41	21	31	24	31	15	23	65	55	59	64	59	55	53	54	49	50	52	48	41	51	51	50	68	36	67	57	41	38	50	57	42	46	52	45	44	34	49	37	48	53	21	9	24	23	
11	36	12	11	15	47	11	26	10	13	46	7	1	40	14	27	29	14	22	8	22	37	37	25	17	26	21	19	47	11	11	29	42	16	37	29	9	47	23	14	11	31	14	15	6	8	5	41	12	41	17	21	14	45	41	0	47	11	18	13	27	38	38	33	35	34	25	32	13	30	18	40	18	15	24	29	39	32	42	32	42	34	8	20	43	26	9	21	21	15	13	35	27	30	26	15	35	33	35	37	
53	22	44	46	53	7	37	31	41	52	14	43	45	14	48	29	32	48	32	38	35	17	21	38	35	24	34	43	8	46	46	18	16	50	25	20	54	14	36	52	46	21	53	44	51	53	48	20	42	20	43	34	39	10	21	47	0	46	41	34	31	10	56	48	51	58	59	50	55	50	49	42	52	48	38	47	43	43	59	29	59	52	43	35	42	54	43	44	51	46	45	26	45	30	44	54	14	28	14	12	
7	27	3	1	8	39	20	19	15	7	38	13	12	32	3	20	20	3	32	18	14	30	28	15	23	32	12	8	39	1	1	39	34	5	27	39	13	38	14	6	1	40	8	4	10	10	17	33	13	33	6	13	16	37	31	11	46	0	7	22	18	42	49	44	47	45	36	43	24	42	29	51	29	26	35	40	49	43	53	43	53	45	19	31	53	38	20	32	32	26	24	45	38	40	37	26	39	24	43	42	
14	22	7	7	14	35	20	14	14	14	32	12	17	27	8	15	14	8	32	17	8	25	23	8	21	27	7	3	35	7	7	34	29	11	20	36	20	33	9	12	7	38	15	4	17	18	22	26	11	26	3	11	14	33	24	18	41	7	0	22	13	38	52	45	47	48	39	44	30	42	30	50	32	28	34	40	49	44	56	42	55	46	18	30	53	38	19	33	32	26	24	45	39	40	38	31	35	18	38	38	
22	25	20	22	26	35	3	17	8	25	36	10	12	27	26	17	19	26	13	5	16	25	26	18	6	13	15	23	35	22	22	16	30	27	28	16	21	36	16	25	22	18	26	23	17	19	15	31	11	31	23	11	8	33	31	13	34	22	22	0	17	25	42	30	33	38	31	30	23	28	21	34	24	20	18	25	33	28	47	24	46	32	11	12	37	29	12	18	24	18	16	27	24	22	22	24	22	23	22	24	
25	9	17	18	26	25	19	1	17	25	19	20	26	17	20	3	2	20	27	19	5	15	10	7	12	18	6	15	24	18	18	25	16	23	11	27	30	20	5	24	18	29	26	16	27	28	31	15	15	15	15	6	13	22	15	27	31	18	13	17	0	29	56	44	48	53	46	45	38	43	36	48	39	35	33	40	47	42	62	35	61	47	26	27	51	44	27	33	39	32	31	38	38	33	37	39	26	6	29	29	
48	23	41	42	50	14	28	28	33	49	20	35	37	15	45	26	31	45	22	30	32	17	21	34	27	16	31	39	17	42	42	9	18	47	26	10	46	20	32	48	42	11	50	41	43	44	39	22	36	22	39	30	33	15	23	38	10	42	38	25	29	0	47	38	42	48	49	40	47	40	40	32	43	40	28	37	33	33	50	19	49	42	35	25	32	44	35	34	41	37	36	16	35	20	35	46	4	28	4	2	
47	61	48	49	50	60	41	55	43	49	67	40	37	59	51	56	58	51	35	41	55	56	62	57	44	45	54	55	64	49	49	43	62	52	64	40	44	67	55	51	49	39	49	51	42	43	35	64	45	64	53	51	46	62	64	38	56	49	52	42	56	47	0	12	8	8	21	12	33	13	23	17	20	24	26	17	16	16	6	30	5	10	34	33	20	15	34	24	19	27	30	32	18	31	19	32	46	62	42	45	
42	50	43	44	46	51	29	43	35	44	58	34	32	49	47	44	46	47	23	31	43	46	51	45	32	34	42	48	55	44	44	33	52	48	52	30	40	58	43	46	44	29	45	46	38	39	31	54	38	54	47	39	34	53	54	33	48	44	45	30	44	38	12	0	7	15	26	6	32	6	19	8	22	23	13	7	7	5	17	20	17	8	27	21	11	15	26	13	18	21	22	22	6	20	7	30	37	50	33	36	
44	53	45	47	48	55	33	47	38	46	62	36	34	54	49	48	50	49	27	35	47	50	55	49	36	37	45	50	59	47	47	38	57	50	56	35	42	62	47	49	47	34	47	49	40	41	33	58	41	58	49	43	38	56	59	35	51	47	47	33	48	42	8	7	0	11	24	3	34	5	19	12	22	24	17	8	10	10	14	25	13	1	29	25	14	12	29	16	18	21	24	27	10	25	11	32	41	54	37	40	
43	59	44	45	45	62	38	52	39	45	68	36	33	59	47	53	55	47	32	37	51	55	60	54	41	43	50	51	65	45	45	43	62	48	62	41	39	68	52	47	45	39	44	47	38	39	32	64	41	64	49	48	43	63	64	34	58	45	48	38	53	48	7	15	11	0	16	10	28	10	19	23	16	20	23	14	21	15	11	30	9	10	30	30	26	11	30	21	15	23	26	32	15	30	16	28	47	59	44	46	
29	52	35	36	29	61	29	45	30	30	63	27	23	54	35	45	47	36	29	28	42	52	54	44	34	40	41	41	62	36	36	42	57	32	55	41	24	63	42	31	36	40	29	38	27	26	21	58	32	58	39	40	34	60	59	25	59	36	39	31	46	49	21	26	24	16	0	23	13	21	11	33	8	11	21	21	32	26	26	31	24	23	20	27	36	13	20	16	9	15	17	34	20	29	19	15	48	52	45	47	
41	50	42	43	44	53	30	44	35	43	60	32	31	51	46	44	46	45	24	32	43	47	52	46	33	34	42	47	57	43	43	35	53	47	53	32	39	60	44	45	43	31	44	45	37	38	30	55	37	55	46	39	35	55	55	32	50	43	44	30	45	40	12	6	3	10	23	0	31	2	16	13	19	21	14	5	11	7	17	22	16	2	26	21	15	11	26	12	15	18	21	24	7	22	8	29	39	51	35	38	
17	47	26	24	20	57	21	38	22	20	58	19	14	50	26	39	40	26	27	20	34	48	48	36	29	36	32	31	58	25	25	38	53	23	49	38	15	58	34	22	25	38	20	28	15	14	10	53	24	53	30	32	25	55	53	13	55	24	30	23	38	47	33	32	34	28	13	31	0	29	17	39	14	11	23	28	37	31	38	31	36	33	13	24	41	24	14	20	19	14	12	34	26	29	25	3	44	44	44	46	
39	49	40	42	43	53	28	42	33	41	58	31	29	49	44	43	45	44	22	30	41	46	50	44	31	33	40	45	56	42	42	33	52	45	52	32	37	58	42	43	41	31	42	44	35	36	28	54	36	54	44	38	33	54	54	30	50	42	42	28	43	40	13	6	5	10	21	2	29	0	14	14	17	19	13	3	13	7	19	22	18	4	24	20	17	9	24	10	13	16	19	24	5	20	6	27	39	49	35	38	
27	42	28	29	30	51	20	35	21	29	53	18	17	44	32	35	37	32	19	19	33	42	44	36	24	30	32	33	52	29	29	32	47	33	45	32	25	53	34	31	29	31	30	31	23	24	16	48	23	48	32	30	25	50	49	18	49	29	30	21	36	40	23	19	19	19	11	16	17	14	0	26	3	5	14	14	25	19	27	23	26	18	12	17	29	9	12	10	3	5	8	26	13	21	12	15	38	42	36	38	
49	49	48	51	52	46	33	48	39	51	52	39	39	45	53	47	50	53	26	36	47	43	48	50	37	33	46	53	49	51	51	30	48	54	52	27	46	52	48	53	51	26	52	51	44	45	38	49	42	49	52	43	39	47	50	40	42	51	50	34	48	32	17	8	12	23	33	13	39	14	26	0	29	30	17	15	1	8	18	17	17	13	32	25	3	23	31	20	25	28	28	18	14	19	15	36	31	51	28	30	
27	45	28	29	30	54	22	38	23	29	56	20	17	47	31	38	40	31	22	21	35	45	47	38	27	33	34	35	55	29	29	35	50	32	48	35	24	56	36	31	29	34	29	31	22	23	15	51	25	51	33	33	27	53	52	18	52	29	32	24	39	43	20	22	22	16	8	19	14	17	3	29	0	4	17	17	28	22	25	26	24	21	14	20	32	11	14	12	5	8	10	29	16	24	15	12	41	45	39	41	
24	41	25	26	27	50	18	34	19	26	52	16	13	44	28	34	36	28	18	17	31	41	43	34	23	29	30	31	51	26	26	31	46	29	44	31	21	52	31	28	26	30	26	28	19	20	12	47	21	47	30	29	23	49	48	15	48	26	28	20	35	40	24	23	24	20	11	21	11	19	5	30	4	0	15	18	29	23	29	23	28	23	9	16	33	13	10	10	8	4	6	25	17	20	16	10	37	41	35	38	
33	36	32	35	37	41	18	32	23	36	46	23	23	36	38	33	35	38	11	20	31	33	38	34	21	20	30	37	44	35	35	21	39	39	39	20	31	46	32	38	35	19	36	36	29	30	22	41	26	41	36	28	23	42	41	24	38	35	34	18	33	28	26	13	17	23	21	14	23	13	14	17	17	15	0	9	16	10	31	10	30	16	16	9	20	16	15	7	13	12	13	13	8	8	7	21	27	38	23	26	
38	46	39	40	41	50	25	39	30	40	55	29	28	46	42	39	42	42	18	27	38	42	47	41	28	29	37	44	53	40	40	30	49	43	48	29	35	55	39	42	40	28	40	42	33	34	26	50	33	50	43	35	30	51	51	29	47	40	40	25	40	37	17	7	8	14	21	5	28	3	14	15	17	18	9	0	13	7	22	18	21	7	22	16	17	9	21	9	13	16	17	21	1	17	3	25	36	46	33	35	
47	48	47	49	51	47	32	46	38	50	53	37	37	46	52	46	49	52	25	34	46	43	49	48	35	32	45	52	50	49	49	30	49	53	51	27	45	53	46	52	49	26	50	50	43	44	36	50	41	50	51	42	37	48	51	39	43	49	49	33	47	33	16	7	10	21	32	11	37	13	25	1	28	29	16	13	0	7	18	17	17	11	31	23	4	22	29	19	24	26	27	19	13	18	14	35	32	51	29	31	
41	45	42	43	44	47	27	41	32	43	53	32	31	44	46	42	44	46	20	29	41	41	46	43	30	29	40	47	50	43	43	28	47	47	48	25	39	53	41	45	43	24	44	45	37	38	30	49	36	49	46	37	32	48	49	32	43	43	44	28	42	33	16	5	10	15	26	7	31	7	19	8	22	23	10	7	7	0	22	15	21	9	25	18	11	16	24	13	18	20	21	17	6	15	7	29	32	47	29	31	
51	66	53	53	55	64	47	61	48	53	70	45	41	63	56	61	63	56	40	46	60	61	66	62	50	50	58	59	67	53	53	48	66	57	69	45	49	70	60	55	53	44	54	56	47	48	40	67	50	67	57	56	51	65	68	42	59	53	56	47	62	50	6	17	14	12	26	17	38	19	27	18	25	29	31	22	18	22	0	35	3	15	38	38	21	19	38	29	24	32	35	36	23	36	25	36	49	68	46	48	
41	34	40	43	45	33	25	34	31	43	39	31	31	30	46	33	37	46	13	28	39	27	33	41	26	19	37	45	36	43	43	14	33	47	36	11	39	39	39	45	43	10	44	44	37	38	30	35	34	35	44	34	31	34	35	32	29	43	42	24	35	19	30	20	25	30	31	22	31	22	23	17	26	23	10	18	17	15	35	0	34	24	24	14	19	26	23	17	23	20	21	4	17	3	17	29	18	36	15	17	
50	66	52	53	53	63	46	60	47	53	69	44	40	62	55	60	63	55	40	45	59	60	65	61	49	50	58	58	66	53	53	47	65	56	68	44	47	69	59	55	53	43	52	55	46	47	39	67	49	67	56	56	50	64	67	42	59	53	55	46	61	49	5	17	13	9	24	16	36	18	26	17	24	28	30	21	17	21	3	34	0	14	37	37	20	18	37	28	23	31	34	35	23	35	24	36	48	67	45	47	
43	52	44	45	46	55	32	46	37	45	62	34	33	53	47	46	48	47	26	34	45	49	54	48	35	36	44	49	59	45	45	37	55	49	55	34	41	62	46	47	45	33	46	47	39	40	32	57	39	57	48	41	37	56	57	34	52	45	46	32	47	42	10	8	1	10	23	2	33	4	18	13	21	23	16	7	11	9	15	24	14	0	28	23	16	11	28	14	17	20	23	26	9	24	10	31	41	53	37	40	
18	35	16	19	22	45	9	26	10	21	46	7	7	38	22	26	28	22	16	8	22	36	36	24	16	24	20	21	45	19	19	26	41	23	37	26	16	46	22	22	19	26	21	20	14	15	7	41	12	41	20	20	13	43	41	8	43	19	18	11	26	35	34	27	29	30	20	26	13	24	12	32	14	9	16	22	31	25	38	24	37	28	0	13	35	20	1	15	14	8	6	27	21	21	20	13	32	32	31	34	
30	32	28	31	34	37	12	26	17	33	42	18	19	33	34	26	28	34	3	14	25	30	33	28	15	17	24	33	41	31	31	18	36	35	34	17	29	43	26	34	31	16	34	32	25	27	20	38	20	38	32	21	17	38	38	20	35	31	30	12	27	25	33	21	25	30	27	21	24	20	17	25	20	16	9	16	23	18	38	14	37	23	13	0	27	23	12	11	20	13	14	16	15	11	14	22	24	33	21	24	
52	49	51	53	55	46	36	50	42	54	52	41	41	45	56	49	53	56	29	38	50	43	48	52	40	36	49	56	49	53	53	30	48	57	52	27	49	52	50	56	53	27	54	54	47	48	40	50	45	50	55	46	42	47	50	43	42	53	53	37	51	32	19	10	14	25	36	15	41	17	29	3	32	33	20	17	4	11	19	19	19	15	35	27	0	26	34	23	28	31	31	18	16	21	18	39	31	52	28	30	
35	50	36	38	39	57	29	43	30	37	61	27	25	53	40	43	45	40	25	28	42	49	52	44	32	36	40	41	60	38	38	37	55	41	53	36	33	61	42	40	38	35	38	40	31	32	24	56	32	56	40	38	33	58	57	26	54	38	38	29	44	44	15	15	12	11	13	11	24	9	9	23	11	13	16	9	22	16	19	26	18	11	20	23	26	0	20	12	6	13	17	29	10	24	9	23	43	50	40	42	
20	36	17	20	23	45	10	27	11	22	47	8	8	38	23	27	29	23	15	9	23	36	37	25	18	24	21	22	46	20	20	26	41	24	38	26	17	47	23	23	20	25	22	21	15	16	8	42	13	42	21	21	14	43	42	9	43	20	19	12	27	35	34	26	29	30	20	26	14	24	12	31	14	10	15	21	29	24	38	23	37	28	1	12	34	20	0	14	14	8	6	25	20	20	19	13	32	33	31	34	
30	39	31	33	34	47	18	32	23	32	50	22	20	42	35	32	35	35	14	20	31	39	41	34	21	26	30	36	49	32	32	27	44	36	42	26	28	50	32	34	32	25	33	34	26	27	19	45	26	45	35	27	23	47	46	21	44	32	33	18	33	34	24	13	16	21	16	12	20	10	10	20	12	10	7	9	19	13	29	17	29	14	15	11	23	12	14	0	9	8	10	19	7	14	6	18	33	39	30	32	
29	45	31	32	33	54	23	38	24	32	56	21	19	48	34	39	41	34	22	22	36	46	47	38	27	33	35	35	55	32	32	34	51	35	48	33	27	57	36	34	32	32	32	34	25	26	18	52	26	52	34	34	27	53	52	21	51	32	32	24	39	41	19	18	18	15	9	15	19	13	3	25	5	8	13	13	24	18	24	23	23	17	14	20	28	6	14	9	0	8	11	26	12	21	11	17	40	45	37	39	
24	39	25	26	27	48	17	31	18	26	49	15	14	41	28	32	34	28	16	16	30	39	40	32	20	27	29	30	48	26	26	29	44	29	41	28	21	50	30	28	26	28	26	28	19	20	12	45	20	45	29	27	21	46	45	15	46	26	26	18	32	37	27	21	21	23	15	18	14	16	5	28	8	4	12	16	26	20	32	20	31	20	8	13	31	13	8	8	8	0	3	23	15	18	14	11	35	38	33	35	
22	37	23	24	25	46	15	30	16	24	48	13	12	40	26	31	33	26	16	14	28	38	39	30	19	26	27	28	47	24	24	27	43	27	40	27	19	49	28	26	24	26	24	26	17	18	10	44	18	44	27	26	20	45	44	13	45	24	24	16	31	36	30	22	24	26	17	21	12	19	8	28	10	6	13	17	27	21	35	21	34	23	6	14	31	17	6	10	11	3	0	23	16	18	14	9	33	37	33	35	
44	33	43	45	47	30	28	35	33	46	36	33	33	29	48	33	38	48	15	30	39	27	32	41	28	20	38	46	33	45	45	13	32	49	36	11	41	36	39	48	45	9	47	46	39	40	33	34	37	34	46	37	33	31	34	35	26	45	45	27	36	16	32	22	27	32	34	24	34	24	26	18	29	25	13	21	19	17	36	4	35	26	27	16	19	29	25	19	26	23	23	0	20	5	19	32	15	35	12	15	
36	44	37	38	40	49	23	37	29	38	53	28	26	44	41	38	40	41	17	25	37	41	46	39	26	28	36	42	52	38	38	29	47	42	47	28	34	54	37	40	38	26	39	40	32	33	25	49	32	49	41	33	28	50	49	27	45	38	39	24	38	35	18	6	10	15	20	7	26	5	13	14	16	17	8	1	13	6	23	17	23	9	21	15	17	10	20	7	12	15	16	20	0	16	1	24	34	44	31	34	
39	33	38	40	42	34	23	32	28	41	40	28	28	31	43	30	34	43	11	25	36	28	34	38	24	16	35	43	37	40	40	15	34	44	35	12	36	40	36	43	40	11	42	41	34	35	28	36	31	36	42	32	28	35	36	30	30	40	40	22	33	20	31	20	25	30	29	22	29	20	21	19	24	20	8	17	18	15	36	3	35	24	21	11	21	24	20	14	21	18	18	5	16	0	14	26	19	35	16	18	
35	43	36	37	38	47	22	36	27	37	52	26	25	43	39	37	39	39	16	24	36	40	44	38	25	27	34	41	50	37	37	27	46	40	46	27	33	52	36	39	37	25	38	39	30	32	24	48	31	48	40	32	27	48	48	26	44	37	38	22	37	35	19	7	11	16	19	8	25	6	12	15	15	16	7	3	14	7	25	17	24	10	20	14	18	9	19	6	11	14	14	19	1	14	0	23	33	43	30	33	
19	47	27	26	21	56	21	38	22	21	58	19	15	49	27	39	40	27	24	20	34	47	48	37	29	35	33	32	57	26	26	37	52	24	49	37	16	58	35	23	26	36	21	29	16	15	11	53	24	53	31	32	26	54	53	15	54	26	31	24	39	46	32	30	32	28	15	29	3	27	15	36	12	10	21	25	35	29	36	29	36	31	13	22	39	23	13	18	17	11	9	32	24	26	23	0	43	45	42	44	
45	20	38	39	47	18	26	25	30	46	24	32	34	16	42	23	28	42	20	27	29	14	19	32	24	13	28	37	21	39	39	6	18	44	23	8	43	24	30	45	39	10	47	38	40	41	36	20	34	20	36	27	30	19	21	35	14	39	35	22	26	4	46	37	41	47	48	39	44	39	38	31	41	37	27	36	32	32	49	18	48	41	32	24	31	43	32	33	40	35	33	15	35	19	33	43	0	26	3	3	
31	6	23	24	30	21	25	7	22	31	16	26	31	14	24	7	4	24	29	25	11	13	7	10	18	18	12	18	21	24	24	25	13	27	5	27	36	16	10	28	24	29	31	21	33	34	36	9	21	9	20	12	19	19	9	33	28	24	18	23	6	28	62	50	54	59	52	51	44	49	42	51	45	41	38	46	51	47	68	38	67	53	32	33	54	50	33	39	45	38	37	38	44	35	43	45	26	0	29	28	
44	23	40	41	48	18	25	27	30	46	24	32	33	19	44	25	30	44	18	26	31	18	22	33	24	15	30	38	21	41	41	8	22	46	26	6	42	24	31	47	41	7	47	39	39	41	36	24	33	24	38	29	30	19	24	35	14	41	37	22	28	4	42	33	37	44	45	35	44	35	36	28	39	35	23	33	29	29	46	15	45	37	31	21	28	40	31	30	37	33	33	12	31	16	30	42	3	28	0	3	
47	23	41	42	50	15	28	28	32	49	22	34	36	17	45	26	30	45	20	29	32	17	21	34	26	16	31	39	19	42	42	9	19	47	26	8	45	22	32	48	42	10	50	40	42	44	38	23	36	23	39	30	32	17	23	37	12	42	38	24	29	2	45	36	40	46	47	38	46	38	38	30	41	38	26	35	31	31	48	17	47	40	34	24	30	42	34	32	39	35	35	15	34	18	33	44	3	28	3	0	
